36 49 1
0 36
0 
1 
2 
3 
4 
5 
6 
7 
8 
9 
10 
11 
12 *
13 
14 
15 
16 
17 
18 
19 
20 
21 
22 
23 
24 
25 
26 
27 
29 
30 
31 
32 
33 
34 
35 
36 
0 -> 1
0 -> 2
1 -> 3
2 -> 4
2 -> 5
3 -> 6
3 -> 7
4 -> 7
4 -> 8
5 -> 8
6 -> 11
7 -> 11
8 -> 12
9 -> 13
9 -> 14
10 -> 15
11 -> 16
12 -> 18
13 -> 18
14 -> 19
14 -> 20
15 -> 22
16 -> 22
16 -> 23
17 -> 23
17 -> 24
18 -> 24
18 -> 25
19 -> 25
19 -> 26
20 -> 26
20 -> 27
21 -> 29
22 -> 29
23 -> 30
23 -> 31
24 -> 31
24 -> 32
25 -> 33
26 -> 33
26 -> 34
27 -> 35
29 -> 36
30 -> 36
31 -> 36
32 -> 36
33 -> 36
34 -> 36
35 -> 36
