0  0.125 -21.0029334501
1  -0.0625 3.0
2  0.375 -24.9951133057
3  0.8125 -86.9970701337
4  -0.75 49.9662925923
5  0.75 -49.9662925923
6  0.6875 -62.9970701337
7  0.9375 -94.9960935116
8  0.25 -48.0298009192
9  0.5 -0.0
10  -0.8125 86.9970701337
11  -0.5 0.0
12  -0.375 24.9951133057
13  -0.9375 94.9960935116
14  -0.3125 34.9990233779
15  -0.875 76.9931600615
16  -0.625 73.0009802058
17  0.1875 -10.9990233779
18  -0.25 48.0298009192
19  -0.125 21.0029334501
20  0.5625 -54.9980467558
21  0.875 -76.9931600615
22  0.625 -73.0009802058
23  0.0625 -3.0
24  0.3125 -34.9990233779
25  0.4375 -42.9980467558
26  -0.4375 42.9980467558
27  -0.5625 54.9980467558
28  -0.1875 10.9990233779
29  -0.6875 62.9970701337
