# Random instance for Gale-Shapley, n = 50
#
n=50
1 1
2 2
3 3
4 4
5 5
6 6
7 7
8 8
9 9
10 10
11 11
12 12
13 13
14 14
15 15
16 16
17 17
18 18
19 19
20 20
21 21
22 22
23 23
24 24
25 25
26 26
27 27
28 28
29 29
30 30
31 31
32 32
33 33
34 34
35 35
36 36
37 37
38 38
39 39
40 40
41 41
42 42
43 43
44 44
45 45
46 46
47 47
48 48
49 49
50 50
51 51
52 52
53 53
54 54
55 55
56 56
57 57
58 58
59 59
60 60
61 61
62 62
63 63
64 64
65 65
66 66
67 67
68 68
69 69
70 70
71 71
72 72
73 73
74 74
75 75
76 76
77 77
78 78
79 79
80 80
81 81
82 82
83 83
84 84
85 85
86 86
87 87
88 88
89 89
90 90
91 91
92 92
93 93
94 94
95 95
96 96
97 97
98 98
99 99
100 100

1: 94 66 22 50 36 14 18 46 52 62 80 68 84 70 16 40 54 6 26 42 4 48 78 34 72 64 38 98 74 30 56 82 2 28 58 20 60 10 44 100 8 76 96 90 86 88 24 32 92 12
2: 89 41 67 93 5 43 75 59 25 1 73 29 71 77 53 95 63 27 69 15 85 33 35 19 47 51 81 21 13 23 97 45 17 39 3 11 57 79 9 91 55 65 61 83 31 87 37 7 49 99
3: 88 16 44 40 66 42 10 22 30 6 96 68 90 98 34 94 54 50 28 32 24 20 18 84 2 36 38 46 62 14 92 60 80 52 58 64 100 8 12 26 76 82 78 86 56 72 70 74 4 48
4: 77 5 71 75 29 15 3 19 27 63 21 93 65 45 55 95 61 89 7 43 81 11 13 67 59 47 51 69 9 49 73 17 31 37 79 33 53 97 85 35 1 57 91 41 39 99 25 23 87 83
5: 20 44 88 42 52 16 34 26 50 70 76 64 92 4 18 84 82 8 96 98 48 68 78 54 12 80 32 100 38 6 86 10 36 60 24 30 90 58 94 2 74 66 62 28 46 22 72 14 40 56
6: 1 79 97 45 65 67 83 87 71 39 27 9 5 81 41 49 73 37 29 95 75 63 99 57 47 23 91 77 7 13 3 31 15 53 93 21 43 51 25 17 11 69 61 89 55 33 35 19 85 59
7: 46 90 94 44 64 36 2 6 48 80 100 26 38 92 42 14 82 78 30 98 12 60 18 28 4 58 76 96 34 62 52 32 70 86 10 56 74 50 88 84 20 54 68 72 22 24 40 66 16 8
8: 29 57 17 99 75 33 15 49 9 19 81 87 51 85 5 25 11 73 91 39 79 55 53 21 43 71 41 47 31 35 37 83 63 27 23 95 13 3 1 7 61 59 69 89 45 65 93 77 97 67
9: 44 50 16 56 62 82 88 68 74 20 28 86 76 34 12 32 10 40 46 84 52 92 98 30 4 66 42 24 22 26 48 90 2 64 58 70 18 36 14 96 94 6 100 60 78 80 38 54 72 8
10: 67 3 39 69 43 7 1 33 41 91 95 17 85 55 49 21 47 23 89 63 31 83 81 57 79 93 13 5 59 75 73 61 15 71 77 9 11 35 29 97 65 25 37 99 87 19 45 53 27 51
11: 2 68 50 74 52 20 26 24 44 80 32 48 28 42 82 46 34 76 30 100 64 90 54 86 62 6 72 12 38 18 66 70 10 56 14 78 94 96 88 22 92 16 58 60 84 4 40 36 98 8
12: 11 7 45 87 31 59 49 19 9 33 81 53 67 39 69 79 27 55 95 89 37 99 91 61 93 5 63 29 15 1 75 41 17 47 83 43 65 3 21 23 73 35 13 51 77 85 57 97 25 71
13: 66 96 88 86 48 52 56 82 16 90 36 84 12 70 80 24 20 22 68 94 64 44 38 6 4 2 26 98 62 74 34 92 72 54 18 30 32 100 40 76 10 14 78 58 50 60 46 28 42 8
14: 5 11 17 51 57 7 89 45 75 53 63 15 87 13 25 43 83 71 69 95 59 3 1 81 29 55 85 39 37 91 49 99 21 19 31 93 33 47 23 41 77 65 97 9 79 61 73 67 27 35
15: 64 14 12 42 70 10 34 32 2 38 60 30 84 54 28 88 4 24 48 82 16 20 22 58 8 72 18 76 6 80 92 96 74 68 46 98 36 100 44 50 94 56 26 40 62 86 78 90 52 66
16: 61 57 9 19 69 77 73 1 95 87 21 33 25 97 93 85 53 11 3 99 55 31 29 83 79 65 47 63 81 51 91 17 67 37 35 27 39 75 59 43 7 23 49 89 41 13 15 71 5 45
17: 84 26 34 94 40 88 66 10 50 38 54 12 80 46 44 14 22 100 24 70 28 48 86 98 6 52 16 62 78 96 90 72 30 74 8 58 18 2 42 60 82 32 20 68 92 64 56 76 4 36
18: 47 61 17 21 99 23 97 31 1 53 77 93 27 41 63 95 29 75 89 19 73 35 3 87 43 49 59 71 39 91 69 81 7 67 55 65 33 57 25 79 13 5 51 9 11 83 37 45 85 15
19: 88 28 14 60 58 12 72 76 16 64 38 6 22 62 34 8 68 46 50 24 54 74 86 52 56 2 44 42 90 70 40 30 98 66 80 78 94 18 92 32 48 36 96 4 100 20 84 82 26 10
20: 19 59 43 47 35 1 87 49 29 41 17 31 97 79 23 65 95 55 25 51 3 11 15 69 77 45 91 81 21 71 67 75 7 93 63 27 5 33 89 37 13 9 61 85 53 57 39 73 99 83
21: 40 44 54 30 62 28 38 68 100 16 20 22 56 24 14 52 64 70 12 32 42 26 10 82 98 34 84 86 36 58 6 46 48 80 96 88 4 60 8 66 90 18 74 92 94 50 76 2 72 78
22: 77 41 91 99 87 13 55 5 97 71 1 51 67 75 21 9 7 57 89 29 19 49 15 45 39 85 95 33 11 79 81 65 93 43 3 69 35 83 73 37 31 63 23 17 47 53 61 27 25 59
23: 100 88 86 50 24 56 38 44 30 58 46 60 66 40 98 52 26 90 4 14 10 42 82 16 20 8 48 6 70 94 22 80 62 32 28 54 84 96 78 18 76 12 2 64 72 74 34 68 92 36
24: 1 45 85 9 43 95 99 97 63 13 39 7 47 71 59 67 49 75 27 35 21 93 77 41 25 37 11 19 91 81 87 65 5 23 31 83 55 79 73 3 53 15 17 57 51 89 33 69 29 61
25: 36 86 94 64 42 92 6 44 40 62 18 78 32 100 82 48 66 10 4 28 74 24 38 76 70 46 84 22 58 34 60 30 2 50 8 90 26 88 68 52 98 80 96 20 16 72 54 14 56 12
26: 15 73 95 17 35 77 83 25 29 3 65 79 27 71 93 97 99 87 41 81 45 53 19 21 89 23 57 69 61 31 49 43 9 13 63 55 7 67 51 85 39 91 75 1 5 11 33 59 47 37
27: 8 60 88 50 38 62 100 84 68 26 74 18 94 86 70 10 98 16 12 46 92 42 20 2 36 72 80 96 48 4 28 54 22 90 66 76 78 6 14 58 56 64 32 44 52 34 24 82 30 40
28: 11 97 3 21 37 15 27 57 7 1 53 99 65 59 47 41 17 89 29 77 67 85 5 81 23 79 35 9 39 43 83 87 61 69 55 73 75 93 19 63 25 45 71 33 31 49 91 95 51 13
29: 48 22 52 96 36 74 10 34 94 16 86 26 24 50 18 28 90 80 66 40 64 84 44 58 92 14 46 70 38 62 30 82 88 54 60 56 2 8 100 72 4 20 76 12 68 98 42 6 32 78
30: 81 71 63 27 57 89 3 31 15 29 13 53 39 73 9 33 97 59 37 11 87 21 67 65 7 61 99 91 35 1 85 77 19 41 95 5 17 23 93 43 83 25 47 75 51 79 55 45 69 49
31: 32 22 66 42 76 52 36 54 70 14 48 72 26 12 44 38 28 34 88 100 60 6 62 74 82 94 98 90 18 64 84 10 4 50 96 80 46 68 86 30 78 24 20 40 58 8 92 56 2 16
32: 61 43 21 53 33 85 55 91 95 89 71 51 29 9 3 7 83 47 87 49 65 37 59 39 63 5 67 27 81 73 17 93 13 75 31 19 77 41 35 79 1 69 15 11 57 99 23 97 45 25
33: 92 46 58 2 90 66 54 20 16 82 60 72 24 98 68 62 40 88 42 52 34 48 94 28 80 10 14 64 96 32 78 56 100 12 86 50 4 44 6 8 84 30 26 38 74 70 36 76 22 18
34: 61 39 45 9 59 3 81 43 71 1 49 47 95 23 77 41 99 29 85 83 37 5 79 19 75 21 57 55 67 31 35 15 33 91 63 13 53 93 17 87 69 97 7 51 89 73 27 65 25 11
35: 12 62 44 76 64 32 52 94 34 86 90 56 78 24 54 26 92 82 16 100 28 46 10 72 18 48 14 2 42 60 98 38 6 58 96 70 36 74 4 30 40 84 22 88 80 68 50 8 20 66
36: 81 85 55 61 97 5 69 3 77 11 79 43 41 1 89 45 59 87 95 29 31 9 15 57 73 51 39 19 99 71 93 53 75 65 67 7 23 63 47 25 27 49 35 37 13 91 83 17 21 33
37: 14 18 56 58 92 32 84 76 70 2 24 34 96 54 42 8 6 74 20 66 50 4 40 80 52 90 16 64 46 12 36 78 38 88 100 30 68 48 22 60 72 98 94 62 82 44 86 26 28 10
38: 35 75 53 33 21 47 25 97 5 29 31 49 15 7 11 45 91 81 61 37 71 99 85 1 57 39 69 55 83 9 19 51 41 59 79 63 89 87 43 65 3 95 73 23 17 93 27 13 77 67
39: 78 6 76 4 72 30 92 44 36 10 74 98 40 66 22 58 90 24 82 100 94 34 48 68 84 42 28 50 80 20 18 62 52 46 38 8 88 54 96 60 70 26 32 2 64 14 12 56 86 16
40: 35 23 85 67 19 21 11 65 25 97 17 93 99 61 57 69 79 9 7 1 5 43 77 59 53 55 33 31 3 45 39 75 73 91 87 29 63 47 83 15 51 71 37 89 49 81 13 27 95 41
41: 4 78 96 52 72 8 28 42 60 74 26 98 68 92 88 2 34 44 90 38 46 100 22 50 6 94 82 20 40 62 30 16 32 36 84 64 56 12 24 86 54 70 58 76 80 66 18 14 48 10
42: 17 55 95 77 87 47 73 65 21 99 13 11 1 41 79 53 25 85 45 61 37 57 93 15 51 33 69 27 23 43 49 7 91 9 35 3 71 19 89 31 67 39 5 83 29 63 81 75 59 97
43: 88 54 26 64 46 20 34 60 32 16 30 82 68 50 14 62 12 96 18 94 10 42 92 76 6 44 22 90 4 56 52 80 2 78 86 70 74 36 58 40 72 66 100 84 48 28 38 24 98 8
44: 13 47 59 43 77 87 21 95 25 23 91 93 31 71 63 65 11 17 67 5 85 73 1 89 55 39 61 9 15 41 57 19 79 75 37 35 45 49 51 33 69 81 99 27 53 29 97 3 83 7
45: 60 62 10 18 100 90 64 40 44 6 12 42 22 94 16 38 92 70 82 54 30 86 56 26 28 84 46 34 8 98 72 96 74 78 48 50 2 52 76 24 80 58 66 14 20 36 32 88 68 4
46: 37 53 47 79 87 49 33 75 73 9 69 55 7 95 89 5 97 83 17 21 99 27 41 35 39 85 15 51 29 93 65 91 59 31 81 67 63 77 71 57 45 61 13 1 43 25 23 19 11 3
47: 18 80 94 48 56 42 10 14 2 6 36 60 54 16 38 44 34 58 88 86 92 66 72 74 22 28 68 40 24 84 8 90 82 46 32 20 50 26 52 64 98 96 70 4 30 76 62 100 78 12
48: 79 81 77 87 59 69 39 13 63 61 65 75 35 51 71 31 55 25 45 15 29 3 85 41 9 33 37 93 89 47 67 97 27 11 99 57 17 83 1 5 21 53 91 7 19 23 43 95 49 73
49: 6 52 22 74 96 26 30 68 80 54 38 60 50 28 62 92 34 24 2 44 10 88 36 78 20 94 14 32 16 98 66 72 86 56 90 8 100 48 64 46 12 58 84 70 18 4 82 76 42 40
50: 39 79 15 49 63 99 71 43 29 59 91 23 25 1 37 77 93 81 85 75 19 47 69 53 97 27 33 89 67 9 35 3 31 45 55 17 21 41 5 73 65 87 57 51 13 11 83 7 61 95
51: 14 72 38 6 20 26 88 62 98 86 78 12 76 16 80 84 82 66 70 48 74 64 4 44 94 24 96 28 54 22 68 32 36 50 2 34 18 8 100 60 92 42 10 58 30 46 90 56 52 40
52: 45 93 95 69 99 11 23 37 47 85 53 71 35 65 97 41 7 91 49 15 73 63 5 51 67 81 43 61 25 79 21 83 9 77 17 31 39 13 33 1 59 75 89 29 19 87 27 57 55 3
53: 26 88 44 64 6 74 48 42 24 82 32 98 14 34 94 50 22 46 40 76 2 28 16 92 90 56 86 12 8 66 80 96 52 60 72 70 58 100 10 78 30 18 4 38 54 62 68 36 20 84
54: 33 13 23 97 65 51 37 27 47 57 1 49 69 73 77 67 61 95 11 15 5 29 53 35 93 41 55 81 45 3 63 39 71 25 43 75 17 79 59 85 19 87 89 21 99 91 83 31 9 7
55: 86 36 76 50 16 46 26 10 98 8 68 96 84 88 100 44 66 94 20 54 82 90 92 52 38 2 78 74 64 48 14 22 58 40 60 4 42 34 12 80 56 62 18 30 32 70 72 24 28 6
56: 23 33 41 49 29 31 89 81 5 21 47 17 63 25 93 45 57 13 55 95 43 99 61 11 3 51 1 39 27 59 79 35 97 53 85 69 77 15 71 87 83 91 7 75 65 67 73 19 9 37
57: 90 84 8 98 82 86 96 26 52 44 28 58 24 54 64 74 40 2 30 16 4 38 18 48 100 60 80 50 56 66 88 34 62 6 42 78 20 70 68 94 14 12 72 92 10 36 32 76 22 46
58: 71 23 39 19 61 89 77 87 59 55 57 95 81 1 11 25 73 45 3 91 7 29 43 93 41 31 33 17 69 15 37 35 85 83 75 27 9 51 53 21 13 47 65 49 97 63 79 99 5 67
59: 60 8 84 72 12 88 32 10 100 26 18 40 16 2 64 86 94 28 70 68 58 48 38 80 96 74 34 92 66 90 46 50 56 78 4 30 14 6 62 44 82 52 24 54 76 36 22 42 98 20
60: 39 93 73 11 5 17 59 31 25 43 15 47 85 87 41 9 95 89 19 29 7 57 67 37 35 3 63 71 83 49 13 81 21 45 79 75 65 27 53 51 33 69 61 91 97 1 99 23 77 55
61: 72 20 28 78 8 62 82 42 66 80 92 60 86 64 52 84 34 68 38 24 98 90 16 96 22 36 74 76 100 88 10 32 54 70 56 12 40 4 46 6 14 94 58 50 44 2 26 18 48 30
62: 51 17 99 93 63 73 35 71 65 11 75 79 77 1 31 69 25 95 19 7 41 37 53 45 3 91 89 83 47 23 29 15 87 81 61 9 39 43 57 49 85 21 59 13 33 97 5 55 27 67
63: 18 2 82 62 38 48 8 64 80 100 78 86 70 60 92 32 88 10 36 84 4 24 96 68 56 44 66 58 40 46 50 72 16 52 26 34 12 90 28 74 76 22 6 42 94 30 54 98 14 20
64: 43 35 83 33 19 97 55 79 39 61 77 71 3 13 41 15 93 11 17 75 87 65 25 63 47 9 21 81 67 23 69 51 37 57 99 31 29 45 89 27 5 59 53 85 7 95 1 73 49 91
65: 46 60 18 10 26 6 96 82 8 16 68 20 98 14 64 86 24 94 42 92 40 72 32 78 34 22 62 74 38 76 58 50 30 70 90 2 52 36 44 4 84 12 88 54 56 100 80 66 28 48
66: 37 17 85 93 33 3 79 75 51 99 11 87 43 15 31 83 81 97 23 73 21 29 89 1 13 39 91 61 35 67 49 47 71 77 95 19 69 45 41 65 9 55 53 59 7 63 57 5 27 25
67: 58 56 90 88 62 60 40 18 78 38 80 2 16 20 30 28 50 52 32 98 82 64 84 72 12 66 36 8 4 74 94 26 6 24 14 96 10 76 34 48 68 44 100 46 86 92 42 70 54 22
68: 73 61 69 35 51 5 33 97 87 9 65 3 7 59 57 53 89 31 41 77 55 17 67 21 93 91 71 63 95 25 49 85 81 43 79 19 11 37 13 23 45 15 99 83 27 75 39 1 47 29
69: 36 90 94 30 50 58 46 86 68 12 96 100 64 92 72 56 32 4 22 34 80 84 60 78 24 82 6 74 88 48 14 70 8 18 28 40 38 76 52 62 16 2 10 44 54 26 42 98 20 66
70: 71 65 47 13 51 95 7 35 99 89 27 73 5 37 43 55 17 85 93 45 21 81 3 11 39 41 77 91 1 69 75 23 15 87 53 31 59 83 97 79 33 25 67 19 63 57 61 9 49 29
71: 62 32 56 58 98 92 50 36 44 6 64 68 90 40 82 18 10 20 54 48 96 70 46 74 52 76 84 28 4 14 26 94 24 8 2 22 12 78 34 72 66 60 16 42 80 38 100 30 88 86
72: 59 77 67 11 5 55 45 17 79 35 7 23 15 93 27 49 9 37 99 83 29 97 85 89 65 31 19 71 39 87 69 21 63 81 51 75 43 57 73 25 1 61 3 41 53 91 13 47 33 95
73: 66 42 62 78 36 20 54 76 96 28 100 48 40 34 24 22 44 6 52 88 32 50 8 98 92 80 30 70 64 16 14 82 12 56 4 84 68 94 58 38 86 26 72 10 90 2 46 18 74 60
74: 9 67 93 3 7 35 53 97 79 91 43 73 5 29 33 77 31 13 47 27 55 15 63 69 19 59 49 65 11 17 95 41 85 81 25 87 71 1 21 83 89 23 39 37 51 99 57 45 61 75
75: 18 44 72 48 24 92 68 12 20 84 36 26 38 66 28 10 16 82 100 74 4 22 30 2 32 6 88 76 62 86 14 94 98 42 54 46 90 34 78 80 70 40 64 96 52 8 56 58 50 60
76: 81 45 57 51 83 5 99 15 1 3 35 13 33 97 39 61 23 27 85 53 75 91 71 21 77 49 87 7 29 37 63 11 79 89 9 31 73 59 47 55 43 93 95 65 17 69 19 41 67 25
77: 74 28 82 48 62 22 40 50 36 30 24 8 92 4 56 68 90 16 88 94 72 10 78 26 46 66 86 42 100 58 32 2 60 64 54 44 12 96 76 38 6 98 18 34 84 70 80 14 52 20
78: 11 55 35 71 83 7 1 79 81 97 61 27 19 15 85 29 67 75 95 91 49 69 57 65 53 99 41 73 39 17 87 13 33 47 9 23 89 43 51 5 21 77 59 31 37 93 3 63 25 45
79: 38 84 86 28 10 18 46 36 32 90 24 76 98 48 34 50 64 92 4 74 54 60 58 82 80 42 22 6 66 62 26 44 30 40 88 8 94 12 100 70 16 52 20 14 56 78 72 2 68 96
80: 35 79 23 69 33 59 81 97 49 3 55 27 57 5 19 87 1 65 91 41 11 15 89 93 51 71 31 67 37 7 39 45 43 95 53 75 9 63 99 29 83 85 17 47 13 61 73 21 25 77
81: 16 70 64 22 66 24 4 38 12 82 48 20 72 94 68 14 100 76 2 90 42 30 58 40 52 98 8 46 28 44 86 92 6 60 78 74 18 80 54 32 88 62 56 84 26 10 36 50 34 96
82: 57 85 63 65 17 61 3 69 47 43 37 67 89 27 59 5 11 93 45 99 33 79 75 31 13 7 97 87 39 77 15 35 41 19 95 25 49 81 23 29 51 91 83 55 9 71 21 73 1 53
83: 96 88 34 76 36 48 90 94 70 42 82 92 6 28 84 44 86 98 72 80 78 8 4 20 26 10 100 2 60 64 40 52 22 74 56 30 54 46 62 68 38 24 50 32 66 14 16 58 18 12
84: 13 7 91 35 59 15 95 29 53 69 99 55 1 47 61 75 45 67 27 89 71 41 63 33 65 81 57 25 83 51 21 87 93 97 19 3 49 17 5 23 39 37 43 9 11 85 31 77 79 73
85: 54 30 24 92 50 100 94 18 2 56 42 8 34 80 32 28 20 46 16 62 6 38 90 98 58 74 68 14 10 88 36 82 66 76 40 72 86 52 84 44 70 48 4 60 12 64 96 22 78 26
86: 61 67 11 9 17 53 43 3 95 63 85 49 93 87 91 97 89 55 73 81 19 15 23 51 37 35 83 21 31 29 71 65 5 75 7 69 33 1 13 99 57 77 59 47 45 25 79 27 39 41
87: 56 52 22 96 12 26 36 90 94 88 82 72 54 6 4 2 44 64 66 68 24 60 70 30 50 76 92 32 48 34 78 80 8 74 14 84 16 98 100 42 86 18 62 20 10 58 40 28 38 46
88: 73 65 99 59 19 69 33 53 91 17 97 57 31 85 81 89 49 35 11 37 15 13 45 27 51 9 61 77 25 55 29 21 47 7 39 93 1 79 83 71 63 75 95 23 87 67 3 5 41 43
89: 86 38 32 74 68 14 88 44 64 28 12 70 34 50 24 96 92 80 72 18 2 6 16 52 76 40 10 66 42 48 36 84 20 100 82 58 54 22 60 78 46 90 94 62 56 4 98 26 8 30
90: 71 57 77 17 67 23 11 83 3 21 55 79 37 43 1 41 7 85 35 47 73 13 99 63 45 95 51 93 25 65 9 87 75 97 29 19 61 69 49 39 15 27 31 89 5 53 59 33 91 81
91: 36 68 76 28 62 14 18 22 84 64 74 8 20 24 58 72 26 42 46 34 38 100 54 96 30 32 16 50 52 10 86 70 80 94 4 78 66 88 6 82 56 92 60 2 48 44 40 12 98 90
92: 23 31 57 63 95 83 7 89 37 39 45 29 21 75 9 73 51 87 81 47 35 25 65 61 77 71 17 33 15 85 3 43 69 49 55 13 91 59 99 1 67 41 97 5 19 93 79 53 27 11
93: 4 100 52 60 2 64 78 6 36 14 82 92 90 22 42 20 94 48 72 62 46 28 50 98 76 96 66 80 16 84 40 58 86 18 26 74 8 88 68 32 12 24 70 44 34 54 38 56 10 30
94: 97 75 51 95 41 43 83 37 69 17 3 81 1 87 65 99 23 33 5 7 25 39 35 9 31 47 45 91 77 57 79 21 53 19 89 15 85 73 13 49 27 11 61 93 59 63 55 67 29 71
95: 36 96 10 72 28 74 52 92 16 12 68 34 54 4 46 58 56 8 98 24 32 80 88 100 14 60 82 84 78 66 30 44 64 76 86 48 94 42 6 18 50 40 20 38 62 90 70 22 2 26
96: 53 67 75 31 1 7 55 51 89 99 91 57 63 77 83 43 59 71 97 61 79 95 21 33 15 69 3 49 19 11 87 5 41 37 29 47 17 35 45 9 65 25 85 81 23 93 27 13 73 39
97: 98 52 48 54 2 46 20 8 56 100 12 88 82 94 64 4 70 6 86 42 96 18 78 62 34 36 58 16 76 14 60 66 84 26 38 50 40 30 74 92 44 22 28 90 72 32 24 68 80 10
98: 65 11 5 81 19 35 89 21 25 41 49 7 59 37 57 71 73 63 61 69 3 85 45 67 47 9 51 99 53 1 43 15 29 79 13 55 95 31 77 91 23 39 27 93 83 17 75 33 87 97
99: 10 6 82 84 4 90 26 64 42 18 80 66 14 46 8 94 24 86 74 40 30 100 54 50 16 28 62 58 98 72 70 20 36 12 2 52 22 44 78 88 68 56 92 48 34 96 38 76 32 60
100: 67 45 59 1 41 17 73 61 43 57 33 93 65 39 53 9 35 97 55 63 11 77 51 29 87 99 23 49 47 79 21 25 71 31 89 95 81 91 7 5 85 13 69 75 19 27 37 3 15 83
