55
ORIGINS
2
2S
13N
13S
12
11
10
9
8
52
7
5
6
14
4E
3E
3W
46
45
4W
48
47
49
50
51
b
R
b
b
H
b
b
b
b
b
b
b
1
4
7
S
1
M
8
5
2
3
6
9
B
2
3
EG
DESTINATIONS
119
0 1 -1
0 17 -1
0 16 -1
0 2 -1
0 3 -1
0 4 -1
4 5 44
0 5 -1
0 10 -1
0 27 -1
5 7 40
5 6 48
6 7 30
7 8 40
8 9 44
9 10 16
3 4 24
7 14 30
7 13 34
7 11 10
2 3 24
2 14 30
2 13 24
3 14 38
13 14 24
7 9 10
1 2 10
2 16 6
13 15 16
2 15 30
15 16 4
16 17 6
9 11 50
11 13 34
11 12 38
12 13 52
6 8 28
10 11 4
1 17 26
1 19 6
18 19 8
1 18 12
17 18 2
12 20 4
15 20 54
17 20 34
18 20 24
10 28 28
28 27 14
10 25 2
27 26 8
26 25 8
11 25 28
11 24 34
12 23 12
20 23 30
20 21 30
18 22 20
22 21 32
21 23 22
23 24 17
24 25 28
25 29 12
29 30 5
28 30 19
22 37 39
37 38 36
21 36 34
36 38 32
23 35 2
35 38 2
23 34 65
34 39 36
24 33 17
33 39 17
25 32 42
32 40 29
25 31 22
31 41 10
30 41 20
41 40 6
40 39 20
39 38 33
30 42 16
41 43 24
40 44 24
39 44 16
39 45 36
39 46 17
38 46 30
42 43 13
43 44 27
44 45 37
45 46 20
44 49 53
45 49 25
45 48 60
46 48 29
46 47 23
47 48 16
48 49 19
49 43 3
47 53 16
48 53 49
49 53 32
49 50 10
43 50 23
50 42 10
42 52 10
42 51 14
52 51 8
51 50 2
50 53 19
47 54 -1
48 54 -1
49 54 -1
50 54 -1
51 54 -1
52 54 -1
