1000 2000 100
0 1
0
1
2
3
4
5
6
7
8
9
10
11
12
13
14
15
16
17
18
19 *
20 *
21 *
22
23
24
25
26
27
28 *
29
30
31
32
33
34
35
36
37
38
39
40
41
42
43
44
45
46
47
48
49
50
51
52
53
54
55
56
57
58
59
60
61
62
63
64
65
66
67
68
69
70
71
72
73
74
75
76
77
78
79
80
81 *
82
83
84
85
86
87 *
88
89
90
91
92
93
94
95
96
97
98
99
100
101
102
103
104
105
106
107
108
109
110
111
112
113
114
115
116
117
118
119
120 *
121
122
123
124
125
126 *
127
128
129
130
131
132
133
134
135
136
137
138
139 *
140
141
142
143
144
145
146
147
148 *
149
150
151 *
152
153
154
155 *
156 *
157
158
159
160 *
161 *
162
163
164
165
166
167
168 *
169
170
171
172 *
173
174
175
176
177
178
179
180
181
182
183
184
185
186
187
188
189 *
190
191
192
193
194
195
196
197
198
199
200
201 *
202
203
204 *
205
206
207
208
209
210 *
211
212 *
213
214
215
216
217
218 *
219
220
221
222
223
224
225
226
227
228 *
229
230
231
232
233
234
235
236
237
238
239
240
241
242 *
243
244
245 *
246 *
247
248
249
250
251
252
253
254
255
256
257
258
259
260
261
262
263
264 *
265
266
267 *
268
269
270 *
271
272
273
274 *
275
276
277
278
279
280
281
282
283
284
285
286
287
288 *
289
290
291
292
293
294
295
296
297
298
299
300
301
302
303
304
305
306
307
308 *
309
310
311
312
313 *
314
315
316 *
317
318
319
320
321
322
323
324
325
326
327
328 *
329
330 *
331
332
333
334
335
336
337
338
339
340
341
342
343
344
345
346
347
348
349
350
351
352
353
354 *
355
356
357
358
359
360
361 *
362
363
364
365
366
367
368
369
370
371
372
373
374
375
376
377
378
379 *
380
381
382
383
384
385
386
387
388
389
390
391
392
393
394
395
396
397
398 *
399
400
401
402 *
403
404
405
406
407
408
409
410
411
412
413
414
415
416
417
418
419 *
420
421 *
422 *
423
424
425 *
426
427
428
429
430
431
432
433
434
435
436
437
438
439
440
441 *
442
443
444
445
446
447
448
449
450
451
452
453
454
455
456
457
458
459
460
461 *
462
463
464
465
466
467
468
469
470
471
472
473
474
475
476
477
478
479
480
481
482
483 *
484
485
486
487
488
489
490
491
492
493
494
495
496
497
498
499 *
500
501
502
503
504
505
506 *
507
508
509
510
511
512 *
513
514
515
516
517
518
519
520
521
522
523
524
525
526
527 *
528
529
530
531
532
533
534
535
536 *
537
538
539
540
541
542
543
544
545
546
547
548
549
550
551
552
553 *
554
555
556
557
558
559
560
561
562
563
564
565
566
567
568
569
570
571
572
573 *
574
575 *
576
577
578
579
580
581
582 *
583
584
585
586
587
588
589
590
591
592
593 *
594
595
596
597 *
598
599
600
601
602
603
604 *
605
606
607
608
609
610
611
612
613
614
615
616
617
618
619
620
621
622
623
624
625
626
627
628
629
630
631
632
633
634
635
636
637
638
639
640
641
642
643
644
645
646
647
648 *
649
650
651
652
653
654
655
656
657 *
658
659
660
661
662
663 *
664
665
666 *
667
668
669
670
671
672
673
674
675
676
677
678
679
680 *
681 *
682
683
684
685 *
686
687
688
689
690
691
692
693
694
695
696
697
698
699
700
701
702
703
704
705
706
707
708
709
710
711
712
713
714
715
716
717
718
719
720
721
722
723
724
725
726
727
728
729
730
731
732
733
734
735
736 *
737
738
739
740
741
742
743
744
745 *
746
747
748
749
750
751
752
753
754 *
755
756
757 *
758
759
760
761
762
763
764
765
766
767
768
769
770
771
772
773 *
774
775
776
777
778
779
780
781
782
783
784
785 *
786
787
788
789 *
790
791
792
793
794
795
796
797
798
799
800
801
802
803
804 *
805
806
807
808
809
810
811
812
813 *
814
815
816
817
818
819
820 *
821 *
822
823
824
825
826 *
827
828
829
830 *
831
832
833
834
835
836
837
838
839
840
841
842
843
844
845 *
846
847 *
848
849
850
851
852
853
854
855
856
857
858
859
860
861
862
863
864
865
866 *
867
868
869 *
870 *
871 *
872
873
874
875
876
877
878
879 *
880
881
882
883
884
885
886 *
887
888
889
890
891
892
893
894
895
896
897
898
899
900
901
902
903
904 *
905
906
907
908
909
910 *
911
912
913
914
915
916 *
917
918
919
920
921
922
923
924
925
926
927
928
929
930
931
932
933
934
935
936
937
938
939 *
940
941
942
943
944 *
945
946
947
948
949
950
951
952
953
954
955
956
957
958
959
960
961
962
963 *
964
965
966
967
968 *
969
970
971
972
973
974
975
976
977
978 *
979
980
981
982
983
984
985 *
986 *
987
988
989
990
991
992
993
994
995
996
997
998 *
999
0 -- 808
0 -- 748
1 -- 875
1 -- 540
1 -- 429
1 -- 479
2 -- 350
3 -- 675
3 -- 580
3 -- 329
3 -- 303
3 -- 976
3 -- 145
3 -- 468
4 -- 322
4 -- 860
4 -- 710
4 -- 615
5 -- 388
5 -- 999
5 -- 328
5 -- 269
5 -- 762
5 -- 26
6 -- 29
6 -- 14
6 -- 421
7 -- 825
7 -- 723
7 -- 710
8 -- 729
8 -- 242
8 -- 985
9 -- 788
9 -- 495
9 -- 36
9 -- 292
10 -- 425
10 -- 119
10 -- 61
10 -- 327
11 -- 208
11 -- 667
11 -- 44
11 -- 454
11 -- 974
12 -- 833
12 -- 459
12 -- 77
12 -- 301
12 -- 850
12 -- 284
13 -- 609
13 -- 802
13 -- 457
13 -- 498
13 -- 791
13 -- 190
13 -- 319
14 -- 333
14 -- 53
14 -- 857
14 -- 379
14 -- 830
15 -- 863
15 -- 523
15 -- 742
15 -- 335
16 -- 633
16 -- 858
16 -- 868
16 -- 822
17 -- 257
17 -- 994
17 -- 771
17 -- 294
17 -- 970
17 -- 766
18 -- 980
18 -- 550
18 -- 46
18 -- 485
19 -- 974
20 -- 185
20 -- 379
20 -- 109
21 -- 715
21 -- 306
21 -- 467
21 -- 468
21 -- 694
21 -- 891
21 -- 861
21 -- 254
21 -- 223
22 -- 348
22 -- 649
22 -- 466
22 -- 539
22 -- 796
23 -- 53
24 -- 192
24 -- 161
24 -- 933
24 -- 397
24 -- 559
24 -- 593
24 -- 818
24 -- 58
24 -- 95
24 -- 255
25 -- 115
25 -- 52
25 -- 847
26 -- 240
26 -- 459
26 -- 133
26 -- 685
27 -- 101
28 -- 800
28 -- 355
28 -- 244
28 -- 949
29 -- 838
29 -- 937
29 -- 51
29 -- 820
29 -- 822
29 -- 505
29 -- 446
30 -- 396
31 -- 515
31 -- 805
31 -- 744
31 -- 685
31 -- 951
31 -- 508
31 -- 799
32 -- 67
32 -- 580
32 -- 184
32 -- 732
32 -- 798
32 -- 319
33 -- 256
33 -- 444
33 -- 223
34 -- 179
34 -- 276
35 -- 208
35 -- 389
35 -- 710
35 -- 107
35 -- 464
35 -- 70
35 -- 605
36 -- 928
36 -- 870
36 -- 717
36 -- 660
36 -- 923
36 -- 348
37 -- 673
37 -- 876
37 -- 972
38 -- 90
38 -- 279
39 -- 908
39 -- 109
39 -- 397
39 -- 784
39 -- 311
39 -- 409
39 -- 957
40 -- 860
40 -- 633
40 -- 996
40 -- 558
40 -- 897
41 -- 121
41 -- 802
41 -- 739
41 -- 516
41 -- 103
42 -- 256
42 -- 441
42 -- 747
42 -- 508
42 -- 550
43 -- 354
43 -- 684
43 -- 518
44 -- 842
45 -- 81
45 -- 827
45 -- 340
45 -- 311
46 -- 688
46 -- 59
46 -- 582
47 -- 900
47 -- 250
47 -- 180
47 -- 621
47 -- 161
48 -- 420
48 -- 998
49 -- 177
49 -- 605
50 -- 929
50 -- 922
50 -- 318
50 -- 417
51 -- 578
51 -- 357
51 -- 285
51 -- 242
51 -- 725
52 -- 965
53 -- 576
53 -- 268
53 -- 911
53 -- 400
53 -- 178
53 -- 57
54 -- 886
54 -- 715
54 -- 742
54 -- 854
54 -- 679
55 -- 208
55 -- 428
56 -- 375
57 -- 436
57 -- 356
57 -- 316
58 -- 937
58 -- 334
58 -- 175
58 -- 824
58 -- 943
58 -- 540
58 -- 61
59 -- 760
59 -- 265
59 -- 428
59 -- 252
60 -- 832
60 -- 353
60 -- 484
60 -- 972
60 -- 80
60 -- 890
60 -- 733
60 -- 607
61 -- 582
61 -- 209
61 -- 214
61 -- 987
61 -- 574
62 -- 681
63 -- 764
63 -- 924
63 -- 558
63 -- 590
64 -- 641
64 -- 287
64 -- 972
64 -- 471
65 -- 389
65 -- 774
65 -- 152
65 -- 274
65 -- 85
65 -- 311
65 -- 664
65 -- 89
66 -- 643
66 -- 421
66 -- 702
66 -- 455
67 -- 536
67 -- 890
68 -- 842
68 -- 85
69 -- 457
69 -- 236
69 -- 862
70 -- 966
70 -- 782
71 -- 665
71 -- 674
71 -- 243
71 -- 93
71 -- 453
72 -- 96
72 -- 225
72 -- 493
72 -- 784
72 -- 983
72 -- 600
73 -- 334
74 -- 519
74 -- 999
74 -- 782
74 -- 176
74 -- 122
74 -- 956
75 -- 433
75 -- 174
76 -- 505
76 -- 546
76 -- 275
76 -- 686
77 -- 560
77 -- 648
77 -- 285
78 -- 993
78 -- 855
78 -- 466
78 -- 183
78 -- 312
78 -- 989
80 -- 689
80 -- 851
81 -- 996
81 -- 395
81 -- 916
81 -- 950
81 -- 574
82 -- 986
82 -- 249
82 -- 570
82 -- 123
82 -- 333
83 -- 684
83 -- 948
83 -- 387
83 -- 708
83 -- 967
84 -- 705
84 -- 122
84 -- 343
84 -- 399
85 -- 968
85 -- 298
86 -- 387
86 -- 998
87 -- 393
87 -- 138
87 -- 172
87 -- 301
87 -- 167
88 -- 805
89 -- 849
89 -- 628
89 -- 118
89 -- 120
89 -- 794
90 -- 674
90 -- 452
90 -- 581
91 -- 643
91 -- 911
92 -- 420
92 -- 286
93 -- 488
93 -- 396
93 -- 655
93 -- 785
93 -- 918
93 -- 248
93 -- 222
94 -- 387
94 -- 934
94 -- 174
94 -- 975
94 -- 662
94 -- 445
95 -- 596
95 -- 149
96 -- 508
96 -- 702
97 -- 904
97 -- 199
98 -- 322
98 -- 199
98 -- 202
98 -- 689
98 -- 154
98 -- 571
99 -- 416
99 -- 837
99 -- 486
99 -- 183
100 -- 561
100 -- 635
100 -- 261
100 -- 998
101 -- 258
101 -- 684
101 -- 178
101 -- 339
101 -- 441
101 -- 825
102 -- 624
102 -- 713
103 -- 897
103 -- 418
103 -- 780
103 -- 642
103 -- 238
103 -- 335
103 -- 894
104 -- 744
104 -- 720
105 -- 401
105 -- 250
105 -- 140
105 -- 705
106 -- 644
106 -- 375
106 -- 468
106 -- 143
107 -- 824
107 -- 720
107 -- 278
108 -- 960
108 -- 216
108 -- 579
108 -- 411
108 -- 745
109 -- 228
109 -- 778
109 -- 403
109 -- 943
109 -- 850
109 -- 979
109 -- 827
109 -- 893
110 -- 259
110 -- 484
110 -- 502
111 -- 883
111 -- 769
111 -- 835
111 -- 947
111 -- 892
112 -- 600
112 -- 936
112 -- 549
112 -- 753
113 -- 400
113 -- 838
114 -- 595
115 -- 680
115 -- 210
115 -- 405
115 -- 209
116 -- 750
117 -- 205
118 -- 808
118 -- 701
119 -- 458
119 -- 242
119 -- 550
119 -- 158
120 -- 387
120 -- 517
120 -- 547
121 -- 808
121 -- 634
121 -- 658
121 -- 749
122 -- 513
122 -- 688
122 -- 404
122 -- 185
122 -- 874
123 -- 194
123 -- 931
123 -- 138
123 -- 811
123 -- 270
123 -- 526
123 -- 317
124 -- 741
124 -- 911
125 -- 504
126 -- 131
126 -- 429
126 -- 398
126 -- 790
126 -- 216
126 -- 409
127 -- 532
127 -- 317
127 -- 758
128 -- 137
128 -- 610
128 -- 558
128 -- 662
128 -- 167
129 -- 992
129 -- 174
129 -- 671
130 -- 783
130 -- 827
130 -- 615
131 -- 551
131 -- 531
131 -- 469
131 -- 701
132 -- 617
132 -- 963
132 -- 605
133 -- 851
134 -- 345
134 -- 394
134 -- 644
134 -- 561
134 -- 697
135 -- 681
135 -- 370
135 -- 323
135 -- 839
136 -- 655
136 -- 260
136 -- 917
136 -- 517
137 -- 454
137 -- 145
137 -- 297
137 -- 203
137 -- 561
139 -- 950
140 -- 574
141 -- 184
141 -- 201
141 -- 196
144 -- 329
144 -- 389
144 -- 737
145 -- 177
145 -- 533
146 -- 850
146 -- 470
147 -- 176
147 -- 979
147 -- 500
148 -- 740
148 -- 619
148 -- 268
148 -- 274
148 -- 630
148 -- 375
148 -- 511
149 -- 642
149 -- 294
149 -- 493
149 -- 372
149 -- 566
150 -- 279
150 -- 631
151 -- 936
151 -- 457
151 -- 683
151 -- 861
152 -- 465
152 -- 842
152 -- 276
153 -- 647
153 -- 172
153 -- 529
153 -- 436
153 -- 918
153 -- 468
154 -- 379
155 -- 909
155 -- 342
155 -- 655
156 -- 880
156 -- 439
156 -- 263
157 -- 544
157 -- 353
157 -- 748
157 -- 278
158 -- 612
158 -- 840
158 -- 491
158 -- 397
158 -- 783
158 -- 849
158 -- 601
159 -- 449
159 -- 962
159 -- 644
159 -- 977
159 -- 883
159 -- 820
159 -- 501
159 -- 568
160 -- 641
160 -- 758
160 -- 907
160 -- 304
160 -- 882
160 -- 502
161 -- 987
161 -- 782
161 -- 391
162 -- 819
162 -- 387
162 -- 813
162 -- 325
163 -- 520
163 -- 966
164 -- 752
164 -- 929
164 -- 446
164 -- 327
165 -- 418
166 -- 648
166 -- 817
166 -- 763
166 -- 540
166 -- 713
167 -- 773
168 -- 960
168 -- 595
168 -- 846
168 -- 350
168 -- 414
169 -- 208
169 -- 201
169 -- 586
169 -- 200
169 -- 322
170 -- 875
170 -- 516
170 -- 207
171 -- 411
171 -- 292
171 -- 237
172 -- 770
172 -- 869
172 -- 399
172 -- 282
173 -- 929
173 -- 231
173 -- 356
173 -- 591
174 -- 837
174 -- 985
175 -- 316
175 -- 586
175 -- 407
176 -- 546
176 -- 421
176 -- 649
176 -- 204
176 -- 655
176 -- 535
177 -- 930
177 -- 616
177 -- 778
177 -- 237
177 -- 816
178 -- 769
179 -- 612
179 -- 639
181 -- 247
181 -- 878
181 -- 870
181 -- 663
182 -- 760
182 -- 634
182 -- 987
182 -- 701
183 -- 383
183 -- 967
184 -- 673
184 -- 689
184 -- 795
184 -- 445
184 -- 254
185 -- 362
185 -- 757
185 -- 599
185 -- 330
185 -- 287
186 -- 363
186 -- 551
187 -- 529
187 -- 498
187 -- 354
187 -- 798
188 -- 619
188 -- 986
188 -- 443
188 -- 797
189 -- 228
189 -- 790
189 -- 462
189 -- 687
190 -- 448
190 -- 744
190 -- 430
190 -- 968
190 -- 825
190 -- 573
190 -- 894
191 -- 337
191 -- 555
191 -- 676
192 -- 980
192 -- 249
192 -- 988
192 -- 863
193 -- 768
193 -- 537
194 -- 702
194 -- 655
195 -- 499
196 -- 707
196 -- 937
196 -- 814
196 -- 210
196 -- 387
196 -- 745
197 -- 665
197 -- 370
197 -- 245
198 -- 864
198 -- 603
198 -- 420
199 -- 970
199 -- 882
200 -- 604
201 -- 555
201 -- 293
201 -- 811
201 -- 847
201 -- 507
201 -- 575
202 -- 265
202 -- 809
203 -- 245
203 -- 254
204 -- 897
204 -- 595
204 -- 420
205 -- 755
206 -- 320
206 -- 867
206 -- 425
206 -- 720
206 -- 792
206 -- 574
207 -- 764
207 -- 213
207 -- 503
208 -- 768
208 -- 577
208 -- 935
208 -- 906
208 -- 985
208 -- 666
209 -- 906
209 -- 613
209 -- 606
210 -- 520
210 -- 278
210 -- 667
210 -- 894
211 -- 461
211 -- 404
211 -- 453
211 -- 541
212 -- 352
212 -- 930
212 -- 739
212 -- 613
213 -- 977
213 -- 834
213 -- 261
213 -- 906
214 -- 753
214 -- 835
214 -- 276
214 -- 487
215 -- 378
215 -- 477
215 -- 982
216 -- 870
216 -- 588
216 -- 510
216 -- 669
217 -- 440
217 -- 969
217 -- 502
217 -- 551
218 -- 643
218 -- 846
218 -- 895
219 -- 368
219 -- 506
220 -- 506
220 -- 727
221 -- 468
221 -- 524
222 -- 690
222 -- 295
223 -- 768
223 -- 228
223 -- 840
223 -- 842
223 -- 730
223 -- 895
224 -- 874
224 -- 471
224 -- 919
225 -- 456
225 -- 793
226 -- 457
226 -- 642
226 -- 937
226 -- 686
226 -- 367
227 -- 458
227 -- 673
227 -- 530
227 -- 362
228 -- 728
228 -- 475
229 -- 514
229 -- 925
229 -- 982
230 -- 391
230 -- 777
230 -- 399
230 -- 914
230 -- 793
230 -- 735
231 -- 806
231 -- 239
232 -- 585
232 -- 889
233 -- 579
233 -- 365
233 -- 509
234 -- 530
234 -- 558
234 -- 327
235 -- 785
235 -- 456
235 -- 238
235 -- 784
235 -- 945
235 -- 635
235 -- 925
236 -- 448
236 -- 965
236 -- 585
236 -- 590
236 -- 595
236 -- 277
237 -- 593
237 -- 425
237 -- 336
237 -- 950
238 -- 769
239 -- 249
239 -- 666
239 -- 834
239 -- 389
241 -- 928
241 -- 436
241 -- 486
242 -- 321
242 -- 323
242 -- 521
242 -- 370
242 -- 920
243 -- 322
243 -- 639
243 -- 724
244 -- 978
244 -- 787
244 -- 274
245 -- 518
245 -- 974
245 -- 913
245 -- 435
246 -- 661
246 -- 350
246 -- 469
247 -- 464
247 -- 817
247 -- 827
247 -- 417
249 -- 763
249 -- 783
250 -- 663
251 -- 369
251 -- 922
251 -- 668
251 -- 725
252 -- 258
253 -- 738
253 -- 964
255 -- 591
256 -- 533
256 -- 359
257 -- 398
257 -- 503
258 -- 777
258 -- 373
258 -- 881
259 -- 356
259 -- 290
259 -- 836
259 -- 415
260 -- 803
260 -- 978
260 -- 675
260 -- 842
261 -- 932
261 -- 986
262 -- 977
262 -- 802
262 -- 731
262 -- 961
263 -- 717
263 -- 718
263 -- 285
264 -- 999
264 -- 627
264 -- 348
264 -- 765
264 -- 647
265 -- 367
265 -- 325
265 -- 499
266 -- 921
266 -- 281
266 -- 506
266 -- 750
266 -- 335
268 -- 952
268 -- 560
269 -- 769
269 -- 484
269 -- 884
269 -- 343
270 -- 361
270 -- 747
270 -- 464
270 -- 563
271 -- 309
272 -- 551
273 -- 997
273 -- 808
273 -- 297
273 -- 912
273 -- 562
273 -- 981
274 -- 932
274 -- 652
274 -- 602
275 -- 968
275 -- 313
276 -- 362
276 -- 526
276 -- 562
276 -- 987
277 -- 570
277 -- 341
277 -- 574
277 -- 565
278 -- 902
278 -- 845
278 -- 296
278 -- 621
278 -- 861
279 -- 352
279 -- 723
279 -- 821
279 -- 827
280 -- 896
280 -- 641
280 -- 491
280 -- 525
280 -- 685
280 -- 511
281 -- 515
281 -- 787
281 -- 759
282 -- 444
282 -- 781
283 -- 375
283 -- 863
283 -- 391
284 -- 711
284 -- 575
285 -- 296
285 -- 595
285 -- 347
286 -- 860
286 -- 833
287 -- 834
287 -- 831
288 -- 818
288 -- 468
288 -- 634
289 -- 521
290 -- 961
290 -- 578
290 -- 955
291 -- 522
291 -- 829
291 -- 517
292 -- 840
292 -- 964
292 -- 693
293 -- 696
293 -- 680
294 -- 809
294 -- 930
294 -- 350
295 -- 938
295 -- 690
295 -- 564
295 -- 439
295 -- 916
295 -- 862
296 -- 723
296 -- 459
296 -- 775
297 -- 792
297 -- 305
298 -- 550
298 -- 765
298 -- 935
299 -- 648
299 -- 489
299 -- 712
300 -- 560
300 -- 835
300 -- 731
301 -- 609
302 -- 440
302 -- 601
302 -- 931
302 -- 643
303 -- 587
303 -- 845
304 -- 323
304 -- 390
304 -- 774
304 -- 700
304 -- 618
304 -- 684
304 -- 749
304 -- 690
304 -- 790
304 -- 476
305 -- 699
306 -- 865
306 -- 485
306 -- 400
306 -- 310
306 -- 349
307 -- 496
307 -- 714
308 -- 955
308 -- 948
308 -- 678
308 -- 670
310 -- 963
310 -- 892
310 -- 418
311 -- 641
311 -- 816
311 -- 913
311 -- 628
311 -- 991
312 -- 395
312 -- 574
313 -- 994
313 -- 557
313 -- 430
313 -- 827
313 -- 958
313 -- 799
314 -- 873
314 -- 618
315 -- 923
315 -- 988
315 -- 407
316 -- 727
316 -- 742
316 -- 767
317 -- 912
317 -- 471
317 -- 824
317 -- 764
317 -- 989
318 -- 624
318 -- 581
318 -- 326
319 -- 646
319 -- 589
319 -- 593
319 -- 533
319 -- 694
319 -- 893
320 -- 813
321 -- 724
321 -- 599
322 -- 363
322 -- 634
323 -- 675
323 -- 934
323 -- 814
323 -- 596
324 -- 711
324 -- 697
324 -- 749
324 -- 497
324 -- 473
324 -- 889
324 -- 891
325 -- 648
325 -- 798
326 -- 538
326 -- 788
326 -- 957
327 -- 872
327 -- 676
327 -- 732
327 -- 829
328 -- 516
328 -- 839
328 -- 460
328 -- 557
328 -- 398
328 -- 823
328 -- 729
328 -- 476
329 -- 690
329 -- 575
330 -- 595
330 -- 347
330 -- 455
332 -- 608
332 -- 463
332 -- 595
332 -- 691
332 -- 572
332 -- 765
333 -- 658
333 -- 599
333 -- 762
333 -- 795
334 -- 491
334 -- 871
335 -- 559
335 -- 855
336 -- 944
336 -- 903
337 -- 352
337 -- 876
338 -- 875
338 -- 833
338 -- 471
338 -- 534
338 -- 433
339 -- 896
339 -- 556
339 -- 795
339 -- 349
339 -- 830
340 -- 451
340 -- 502
340 -- 431
341 -- 355
342 -- 347
342 -- 395
343 -- 504
343 -- 686
343 -- 693
344 -- 825
344 -- 962
344 -- 451
344 -- 981
344 -- 889
345 -- 995
345 -- 975
346 -- 508
346 -- 757
347 -- 385
347 -- 642
347 -- 365
347 -- 942
348 -- 688
349 -- 362
349 -- 444
349 -- 710
350 -- 380
350 -- 862
351 -- 776
351 -- 609
351 -- 900
351 -- 836
352 -- 644
352 -- 412
352 -- 366
352 -- 886
352 -- 828
353 -- 668
353 -- 645
354 -- 688
355 -- 915
355 -- 372
355 -- 662
357 -- 697
357 -- 972
358 -- 487
359 -- 424
359 -- 499
359 -- 704
359 -- 525
360 -- 924
360 -- 651
360 -- 580
360 -- 533
360 -- 998
361 -- 369
361 -- 906
361 -- 949
362 -- 970
363 -- 483
363 -- 778
363 -- 958
364 -- 409
364 -- 876
364 -- 950
365 -- 678
366 -- 520
366 -- 803
366 -- 604
367 -- 528
368 -- 536
368 -- 840
368 -- 730
368 -- 788
369 -- 401
369 -- 571
369 -- 999
370 -- 866
370 -- 663
371 -- 473
371 -- 450
371 -- 943
372 -- 937
372 -- 707
373 -- 640
373 -- 395
373 -- 957
373 -- 462
375 -- 579
375 -- 616
376 -- 739
377 -- 453
378 -- 380
378 -- 583
379 -- 824
379 -- 520
380 -- 875
380 -- 683
380 -- 647
381 -- 464
381 -- 643
381 -- 799
382 -- 736
382 -- 771
383 -- 538
384 -- 540
384 -- 588
384 -- 823
385 -- 819
385 -- 962
385 -- 827
386 -- 680
386 -- 887
387 -- 771
387 -- 953
389 -- 832
389 -- 903
389 -- 809
389 -- 940
389 -- 429
390 -- 582
391 -- 430
391 -- 431
391 -- 703
391 -- 575
392 -- 525
392 -- 999
393 -- 843
393 -- 902
394 -- 770
394 -- 615
395 -- 867
395 -- 775
395 -- 975
396 -- 593
397 -- 520
397 -- 504
397 -- 537
398 -- 994
398 -- 746
399 -- 739
399 -- 973
399 -- 437
399 -- 989
400 -- 621
400 -- 742
401 -- 456
401 -- 688
401 -- 868
402 -- 825
402 -- 677
403 -- 621
403 -- 823
404 -- 440
404 -- 506
406 -- 752
406 -- 553
407 -- 503
408 -- 616
409 -- 667
409 -- 591
410 -- 556
410 -- 879
411 -- 465
414 -- 905
414 -- 554
414 -- 615
415 -- 586
415 -- 943
416 -- 537
417 -- 778
417 -- 435
417 -- 504
417 -- 767
418 -- 844
419 -- 562
419 -- 995
419 -- 654
420 -- 736
420 -- 943
420 -- 625
420 -- 950
420 -- 542
421 -- 705
421 -- 942
421 -- 593
421 -- 915
422 -- 666
423 -- 617
424 -- 996
424 -- 614
425 -- 768
425 -- 486
426 -- 793
426 -- 739
426 -- 701
427 -- 727
428 -- 952
430 -- 558
430 -- 719
430 -- 956
431 -- 976
431 -- 537
431 -- 701
432 -- 721
432 -- 939
432 -- 660
433 -- 910
433 -- 470
433 -- 509
434 -- 524
434 -- 687
435 -- 598
436 -- 624
436 -- 670
437 -- 580
437 -- 470
438 -- 994
438 -- 468
439 -- 534
440 -- 668
441 -- 548
441 -- 916
442 -- 463
443 -- 904
443 -- 851
444 -- 776
444 -- 972
445 -- 809
445 -- 506
445 -- 447
446 -- 752
448 -- 677
449 -- 980
449 -- 716
450 -- 834
451 -- 768
451 -- 583
452 -- 952
452 -- 978
452 -- 884
452 -- 818
453 -- 897
453 -- 650
453 -- 849
453 -- 530
454 -- 980
454 -- 622
455 -- 744
456 -- 478
456 -- 809
457 -- 619
458 -- 478
459 -- 956
459 -- 844
460 -- 968
461 -- 541
463 -- 745
463 -- 966
464 -- 905
464 -- 989
465 -- 851
465 -- 647
466 -- 921
466 -- 858
466 -- 479
467 -- 823
467 -- 789
467 -- 997
468 -- 978
469 -- 876
469 -- 900
470 -- 546
470 -- 518
470 -- 600
470 -- 861
470 -- 862
472 -- 603
472 -- 759
473 -- 752
473 -- 572
474 -- 809
474 -- 963
475 -- 544
475 -- 835
476 -- 822
477 -- 982
478 -- 739
478 -- 701
478 -- 871
479 -- 968
479 -- 632
479 -- 545
480 -- 632
480 -- 537
480 -- 643
480 -- 489
481 -- 803
481 -- 773
484 -- 736
485 -- 986
485 -- 675
485 -- 638
486 -- 525
488 -- 642
488 -- 916
488 -- 694
488 -- 502
489 -- 917
489 -- 887
490 -- 800
493 -- 837
493 -- 774
493 -- 588
493 -- 846
494 -- 728
494 -- 807
495 -- 719
496 -- 798
497 -- 716
498 -- 579
499 -- 625
499 -- 949
500 -- 765
501 -- 921
502 -- 898
502 -- 580
502 -- 942
503 -- 846
504 -- 704
504 -- 554
504 -- 602
505 -- 951
507 -- 861
508 -- 904
508 -- 841
508 -- 942
508 -- 872
509 -- 898
510 -- 861
511 -- 765
512 -- 968
512 -- 903
513 -- 721
513 -- 763
513 -- 822
514 -- 618
514 -- 939
514 -- 796
514 -- 829
515 -- 908
515 -- 812
515 -- 870
517 -- 641
519 -- 567
520 -- 544
521 -- 689
522 -- 713
522 -- 746
522 -- 625
522 -- 888
522 -- 537
524 -- 769
524 -- 642
524 -- 604
525 -- 790
525 -- 728
525 -- 888
525 -- 625
525 -- 988
526 -- 706
526 -- 895
527 -- 872
527 -- 776
527 -- 530
527 -- 731
528 -- 552
529 -- 584
529 -- 870
530 -- 643
530 -- 558
530 -- 799
531 -- 778
532 -- 941
532 -- 982
532 -- 983
533 -- 878
533 -- 670
534 -- 540
535 -- 628
541 -- 616
541 -- 631
542 -- 632
542 -- 545
542 -- 989
545 -- 815
547 -- 725
547 -- 598
547 -- 693
548 -- 598
548 -- 919
549 -- 979
549 -- 813
550 -- 736
550 -- 971
551 -- 690
551 -- 958
553 -- 770
553 -- 719
554 -- 724
554 -- 910
555 -- 776
555 -- 564
555 -- 808
557 -- 750
558 -- 925
559 -- 817
559 -- 566
559 -- 699
559 -- 655
561 -- 933
562 -- 812
562 -- 924
562 -- 607
563 -- 876
563 -- 970
563 -- 652
564 -- 747
565 -- 577
565 -- 962
565 -- 648
565 -- 910
565 -- 696
566 -- 572
567 -- 601
567 -- 971
567 -- 726
568 -- 807
569 -- 960
569 -- 660
570 -- 937
570 -- 652
570 -- 820
570 -- 918
570 -- 602
572 -- 802
572 -- 691
573 -- 779
573 -- 719
573 -- 826
573 -- 879
573 -- 762
576 -- 881
576 -- 666
577 -- 833
578 -- 587
579 -- 640
579 -- 809
579 -- 780
579 -- 630
580 -- 754
581 -- 744
582 -- 961
582 -- 700
586 -- 909
588 -- 905
588 -- 721
588 -- 791
588 -- 731
589 -- 683
589 -- 716
589 -- 998
590 -- 844
590 -- 595
590 -- 996
592 -- 739
592 -- 958
593 -- 627
594 -- 756
596 -- 667
596 -- 695
597 -- 834
599 -- 771
599 -- 712
599 -- 725
600 -- 752
600 -- 772
600 -- 782
601 -- 923
602 -- 796
602 -- 700
603 -- 700
603 -- 735
604 -- 653
605 -- 965
606 -- 808
606 -- 953
607 -- 818
607 -- 963
608 -- 756
609 -- 868
609 -- 817
609 -- 701
610 -- 673
611 -- 688
611 -- 851
611 -- 892
611 -- 734
612 -- 986
612 -- 911
613 -- 857
613 -- 987
614 -- 896
614 -- 693
615 -- 716
615 -- 862
616 -- 684
616 -- 626
617 -- 618
619 -- 995
619 -- 873
621 -- 932
622 -- 633
623 -- 980
623 -- 685
623 -- 814
624 -- 913
624 -- 989
625 -- 878
625 -- 693
626 -- 905
626 -- 718
627 -- 995
627 -- 813
627 -- 686
629 -- 792
630 -- 877
630 -- 982
634 -- 659
635 -- 788
635 -- 951
637 -- 750
638 -- 727
640 -- 657
642 -- 926
643 -- 832
644 -- 780
645 -- 986
646 -- 850
647 -- 977
647 -- 980
647 -- 861
649 -- 863
649 -- 756
649 -- 823
650 -- 953
651 -- 873
651 -- 722
651 -- 683
651 -- 681
652 -- 805
653 -- 932
653 -- 755
654 -- 934
656 -- 992
658 -- 831
659 -- 918
659 -- 983
661 -- 834
662 -- 999
663 -- 763
663 -- 669
663 -- 917
665 -- 936
666 -- 860
667 -- 953
668 -- 910
669 -- 987
670 -- 880
670 -- 743
671 -- 969
671 -- 691
671 -- 861
671 -- 713
672 -- 817
672 -- 867
672 -- 975
673 -- 950
674 -- 843
675 -- 941
675 -- 752
675 -- 861
676 -- 778
677 -- 844
678 -- 985
680 -- 894
682 -- 916
682 -- 901
682 -- 741
683 -- 937
683 -- 940
684 -- 740
684 -- 765
686 -- 738
686 -- 735
687 -- 760
688 -- 712
689 -- 775
689 -- 829
691 -- 909
691 -- 944
691 -- 824
692 -- 814
692 -- 999
694 -- 802
694 -- 926
695 -- 743
696 -- 738
696 -- 943
697 -- 900
698 -- 857
699 -- 957
700 -- 757
700 -- 792
701 -- 724
702 -- 736
704 -- 756
705 -- 770
705 -- 713
706 -- 776
707 -- 829
709 -- 859
709 -- 844
709 -- 927
710 -- 970
710 -- 804
710 -- 825
713 -- 878
713 -- 951
714 -- 959
715 -- 735
717 -- 852
718 -- 882
719 -- 901
719 -- 857
719 -- 732
720 -- 974
721 -- 750
721 -- 841
722 -- 984
722 -- 751
723 -- 851
724 -- 789
726 -- 938
727 -- 995
727 -- 739
728 -- 780
728 -- 794
729 -- 901
731 -- 949
733 -- 866
733 -- 862
734 -- 933
734 -- 982
734 -- 829
735 -- 827
735 -- 882
736 -- 814
738 -- 875
739 -- 772
741 -- 776
741 -- 916
741 -- 901
742 -- 801
742 -- 770
742 -- 903
744 -- 819
746 -- 827
747 -- 773
747 -- 851
747 -- 798
748 -- 761
750 -- 903
751 -- 805
752 -- 755
752 -- 924
752 -- 893
754 -- 810
755 -- 959
757 -- 952
758 -- 805
759 -- 836
759 -- 919
760 -- 865
760 -- 932
760 -- 871
761 -- 991
764 -- 900
766 -- 936
766 -- 964
766 -- 959
768 -- 844
770 -- 945
772 -- 798
775 -- 936
775 -- 974
776 -- 886
776 -- 997
777 -- 912
777 -- 992
779 -- 918
782 -- 995
782 -- 829
783 -- 925
783 -- 887
784 -- 962
785 -- 957
786 -- 804
786 -- 887
787 -- 819
787 -- 909
789 -- 906
789 -- 923
790 -- 938
793 -- 944
794 -- 846
795 -- 954
795 -- 831
796 -- 913
799 -- 873
799 -- 879
800 -- 899
800 -- 991
801 -- 823
803 -- 869
805 -- 989
807 -- 894
810 -- 941
811 -- 929
811 -- 999
813 -- 829
814 -- 909
815 -- 904
815 -- 870
816 -- 901
817 -- 892
818 -- 878
818 -- 824
818 -- 917
818 -- 892
820 -- 993
824 -- 971
826 -- 903
828 -- 971
829 -- 900
835 -- 875
840 -- 871
850 -- 898
851 -- 967
853 -- 970
853 -- 943
856 -- 939
857 -- 939
861 -- 971
861 -- 881
862 -- 942
863 -- 962
864 -- 971
867 -- 950
870 -- 954
872 -- 879
872 -- 976
874 -- 984
875 -- 939
875 -- 975
875 -- 995
875 -- 895
877 -- 914
881 -- 968
885 -- 904
886 -- 980
886 -- 893
888 -- 958
890 -- 916
894 -- 981
894 -- 986
895 -- 961
898 -- 976
901 -- 966
903 -- 961
904 -- 977
907 -- 999
909 -- 915
916 -- 921
920 -- 956
922 -- 964
925 -- 996
925 -- 958
927 -- 987
928 -- 929
930 -- 971
932 -- 985
939 -- 966
939 -- 977
940 -- 964
941 -- 980
944 -- 949
945 -- 946
945 -- 971
948 -- 972
953 -- 986
955 -- 998
964 -- 995
971 -- 981
983 -- 994
989 -- 998
