3000 4500 300
0 1
0
1
2
3
4
5
6
7
8
9
10
11
12
13
14
15
16
17
18
19
20
21
22
23
24
25
26
27
28
29
30
31
32
33
34 *
35
36
37
38
39
40
41
42 *
43
44 *
45
46
47 *
48
49 *
50
51
52
53
54
55
56
57
58
59
60
61
62
63
64
65
66 *
67
68 *
69
70
71
72
73 *
74
75
76
77
78
79
80
81
82
83
84
85
86
87
88
89
90 *
91
92
93
94
95
96 *
97
98 *
99
100
101
102
103
104
105
106
107
108
109
110
111
112
113
114
115 *
116
117
118
119
120
121
122
123 *
124
125
126
127
128
129
130
131
132 *
133
134
135
136
137
138
139 *
140
141
142
143
144
145 *
146 *
147
148 *
149
150
151
152
153
154
155 *
156
157
158 *
159
160
161
162
163
164
165
166
167
168 *
169 *
170
171 *
172
173
174
175
176
177
178
179
180
181
182
183
184
185
186 *
187
188
189
190
191
192 *
193
194
195
196 *
197
198
199 *
200
201
202
203
204
205
206
207
208
209
210
211
212
213
214
215
216
217
218
219
220
221
222
223
224
225 *
226
227
228
229
230
231
232 *
233
234
235
236
237
238
239
240 *
241
242
243 *
244
245
246
247
248
249
250
251
252
253
254
255
256 *
257
258
259
260
261
262 *
263
264
265
266
267
268
269
270
271
272
273
274
275
276
277
278
279
280
281
282
283
284
285
286 *
287
288
289
290
291
292
293
294
295
296
297
298
299
300 *
301
302 *
303
304
305
306
307
308
309
310
311
312
313
314
315
316
317
318 *
319
320
321
322
323
324
325
326
327
328
329
330 *
331
332
333
334
335
336
337
338
339
340
341
342
343 *
344
345
346
347
348
349
350
351 *
352 *
353
354
355
356
357
358 *
359
360 *
361
362 *
363
364
365
366
367
368
369
370
371
372
373
374
375
376
377
378
379
380
381
382
383
384
385
386
387 *
388
389 *
390
391
392
393
394
395
396
397
398
399
400
401
402
403
404
405
406
407
408
409
410
411
412
413
414
415
416
417 *
418
419
420
421
422
423
424
425
426
427
428
429
430
431
432
433
434
435
436
437 *
438
439
440
441 *
442
443
444
445
446 *
447
448 *
449
450
451 *
452
453
454
455
456
457
458
459
460
461
462
463
464
465
466
467
468
469
470
471
472
473 *
474
475
476
477
478
479
480
481
482
483
484
485
486
487
488
489
490
491
492
493
494
495
496
497
498
499
500
501
502
503
504
505
506
507
508
509 *
510
511
512
513
514 *
515
516
517
518
519
520
521 *
522
523
524
525
526
527
528
529
530
531
532
533
534
535
536
537
538
539
540 *
541 *
542
543
544 *
545
546
547
548
549
550
551
552 *
553
554
555
556
557
558
559
560
561 *
562
563 *
564
565
566
567
568
569
570 *
571
572
573
574
575
576
577
578
579
580
581
582
583
584
585
586
587 *
588
589
590
591
592 *
593
594
595
596 *
597
598
599
600
601
602
603
604
605
606
607
608 *
609
610
611
612
613
614
615
616
617
618
619
620 *
621
622
623
624
625
626
627
628
629
630
631
632
633
634
635
636
637
638
639
640
641
642
643
644
645
646
647
648
649
650
651
652
653
654
655 *
656
657
658
659
660
661
662
663
664
665
666 *
667
668
669
670
671
672
673
674
675
676
677
678
679
680
681
682
683
684
685
686
687
688
689
690
691
692
693
694
695
696
697
698
699
700
701 *
702
703
704
705
706
707
708
709
710
711 *
712
713
714
715 *
716
717
718
719
720
721
722
723
724
725
726
727
728
729
730
731
732
733
734
735
736
737
738
739
740 *
741
742
743
744
745 *
746
747
748
749
750
751
752
753
754
755
756
757
758
759
760 *
761 *
762
763
764
765
766
767
768
769
770
771
772
773
774
775
776
777
778
779
780
781
782
783
784
785
786 *
787
788
789
790
791 *
792
793
794
795
796
797
798
799
800 *
801
802
803
804
805 *
806
807
808
809
810
811
812 *
813
814
815
816
817 *
818
819
820
821
822
823
824
825
826
827
828
829
830
831
832
833 *
834 *
835 *
836 *
837
838
839
840
841
842
843
844
845
846
847
848
849
850
851
852 *
853 *
854
855
856
857
858
859 *
860
861
862
863
864
865 *
866
867
868
869
870
871
872
873
874
875
876
877
878
879
880
881
882
883
884
885
886
887
888
889
890
891 *
892
893
894
895 *
896
897
898
899
900
901
902
903
904
905
906 *
907
908
909
910
911
912 *
913
914
915
916
917
918
919
920
921
922
923
924 *
925
926
927
928
929
930
931
932
933
934
935
936
937
938
939
940
941
942
943
944
945
946
947
948 *
949
950
951
952
953
954 *
955
956
957
958
959
960 *
961 *
962
963
964
965
966 *
967
968
969
970
971 *
972
973
974
975
976
977
978
979
980 *
981
982 *
983
984
985
986
987
988
989
990
991 *
992
993
994
995
996
997
998
999
1000
1001
1002
1003 *
1004 *
1005
1006
1007
1008
1009
1010
1011
1012
1013
1014
1015
1016
1017
1018
1019
1020
1021
1022
1023
1024
1025
1026
1027
1028
1029
1030
1031
1032 *
1033
1034
1035
1036
1037
1038
1039
1040
1041
1042
1043
1044 *
1045
1046 *
1047
1048
1049
1050
1051
1052
1053
1054
1055
1056
1057 *
1058 *
1059
1060
1061
1062
1063
1064
1065
1066
1067
1068
1069
1070 *
1071
1072
1073 *
1074
1075
1076
1077
1078
1079
1080 *
1081
1082
1083
1084
1085
1086
1087
1088 *
1089
1090
1091
1092
1093
1094
1095
1096
1097
1098
1099
1100
1101 *
1102
1103
1104
1105
1106
1107
1108
1109
1110
1111
1112
1113
1114
1115
1116 *
1117 *
1118 *
1119
1120
1121
1122
1123
1124
1125 *
1126
1127
1128 *
1129 *
1130
1131
1132
1133
1134
1135
1136
1137
1138
1139
1140
1141
1142
1143
1144
1145
1146
1147 *
1148
1149
1150
1151
1152
1153
1154
1155
1156 *
1157
1158
1159
1160
1161
1162
1163
1164
1165
1166
1167
1168
1169
1170
1171
1172
1173
1174
1175
1176
1177 *
1178 *
1179
1180
1181
1182
1183
1184
1185 *
1186 *
1187
1188
1189
1190
1191
1192
1193
1194
1195
1196
1197
1198
1199
1200
1201
1202
1203 *
1204
1205
1206
1207
1208
1209
1210
1211
1212
1213
1214
1215
1216 *
1217 *
1218
1219
1220
1221
1222
1223
1224
1225
1226
1227
1228
1229 *
1230
1231
1232
1233
1234
1235 *
1236
1237
1238
1239
1240
1241
1242
1243
1244
1245
1246
1247
1248
1249
1250
1251
1252
1253
1254
1255
1256
1257
1258
1259 *
1260
1261
1262
1263
1264
1265
1266
1267 *
1268
1269
1270
1271
1272
1273
1274
1275
1276
1277
1278
1279
1280
1281
1282
1283
1284
1285
1286 *
1287
1288
1289 *
1290
1291 *
1292
1293
1294 *
1295
1296
1297
1298
1299
1300
1301
1302
1303
1304
1305
1306
1307 *
1308
1309
1310
1311
1312
1313
1314
1315
1316
1317
1318
1319 *
1320
1321
1322 *
1323
1324
1325
1326
1327
1328
1329
1330
1331
1332
1333
1334
1335 *
1336
1337 *
1338
1339
1340
1341
1342 *
1343
1344
1345
1346 *
1347
1348
1349
1350
1351
1352
1353
1354
1355 *
1356
1357
1358
1359
1360
1361
1362
1363
1364
1365
1366
1367
1368
1369
1370
1371
1372
1373
1374
1375
1376
1377
1378
1379
1380
1381
1382
1383
1384
1385
1386
1387
1388
1389
1390
1391
1392
1393
1394
1395
1396 *
1397
1398 *
1399
1400
1401 *
1402
1403
1404
1405
1406
1407
1408
1409
1410
1411
1412 *
1413
1414
1415
1416
1417 *
1418
1419
1420
1421 *
1422
1423
1424
1425
1426 *
1427
1428
1429
1430
1431
1432
1433
1434
1435 *
1436
1437
1438
1439
1440
1441
1442 *
1443
1444
1445
1446
1447
1448
1449 *
1450
1451
1452
1453
1454
1455 *
1456 *
1457
1458
1459 *
1460
1461
1462
1463
1464
1465
1466 *
1467
1468
1469
1470
1471
1472
1473 *
1474
1475
1476
1477
1478
1479
1480 *
1481
1482
1483
1484
1485
1486 *
1487
1488 *
1489
1490
1491
1492
1493
1494
1495
1496
1497
1498
1499
1500
1501
1502
1503
1504
1505
1506
1507
1508
1509
1510
1511
1512
1513
1514
1515
1516
1517
1518
1519
1520
1521 *
1522 *
1523
1524
1525
1526
1527
1528
1529
1530
1531
1532
1533
1534
1535
1536
1537
1538
1539
1540
1541
1542
1543
1544 *
1545
1546 *
1547
1548
1549
1550
1551
1552
1553
1554
1555
1556
1557
1558
1559
1560
1561
1562
1563 *
1564 *
1565
1566
1567
1568
1569
1570
1571
1572
1573
1574
1575
1576
1577
1578
1579
1580
1581
1582
1583
1584
1585
1586
1587
1588
1589
1590
1591
1592
1593
1594
1595
1596
1597
1598
1599
1600
1601
1602
1603
1604
1605
1606
1607
1608
1609
1610
1611
1612
1613
1614
1615
1616
1617
1618
1619
1620 *
1621 *
1622
1623
1624
1625
1626
1627
1628
1629
1630
1631
1632
1633
1634
1635
1636
1637
1638
1639
1640
1641
1642
1643 *
1644
1645
1646
1647
1648
1649
1650
1651
1652
1653 *
1654
1655
1656
1657
1658
1659
1660
1661
1662
1663
1664
1665
1666
1667
1668
1669
1670
1671
1672 *
1673
1674
1675
1676
1677
1678
1679
1680
1681 *
1682
1683
1684
1685
1686 *
1687
1688
1689
1690
1691
1692
1693
1694
1695
1696 *
1697
1698
1699
1700
1701
1702
1703
1704
1705
1706
1707
1708
1709
1710
1711
1712 *
1713
1714
1715 *
1716
1717
1718
1719
1720
1721
1722
1723
1724
1725
1726
1727
1728
1729
1730
1731
1732
1733
1734
1735
1736
1737
1738
1739
1740
1741
1742
1743
1744
1745
1746
1747
1748
1749
1750
1751
1752
1753
1754
1755
1756
1757
1758
1759
1760
1761
1762
1763
1764
1765
1766
1767
1768
1769
1770
1771
1772
1773
1774
1775
1776
1777
1778
1779
1780
1781
1782
1783
1784
1785
1786
1787
1788
1789
1790
1791 *
1792
1793
1794
1795
1796
1797 *
1798
1799
1800 *
1801
1802
1803
1804
1805
1806
1807
1808
1809 *
1810
1811
1812
1813
1814
1815
1816
1817
1818
1819
1820
1821
1822
1823
1824 *
1825
1826
1827
1828
1829
1830
1831
1832
1833
1834
1835
1836
1837
1838
1839
1840
1841
1842
1843
1844
1845
1846
1847
1848
1849
1850 *
1851
1852
1853 *
1854
1855
1856
1857
1858
1859
1860
1861
1862
1863
1864
1865
1866
1867
1868
1869
1870
1871
1872
1873 *
1874
1875 *
1876
1877
1878
1879
1880
1881
1882
1883
1884 *
1885 *
1886 *
1887
1888
1889
1890
1891
1892
1893
1894
1895
1896
1897
1898
1899
1900
1901
1902
1903
1904
1905
1906
1907
1908
1909
1910
1911 *
1912
1913
1914
1915
1916
1917
1918
1919
1920
1921
1922
1923
1924
1925
1926
1927
1928
1929
1930
1931
1932
1933
1934
1935
1936
1937
1938
1939
1940
1941
1942
1943
1944
1945
1946
1947
1948
1949
1950
1951
1952 *
1953
1954 *
1955
1956
1957
1958 *
1959
1960
1961
1962
1963
1964
1965
1966
1967
1968 *
1969
1970
1971
1972
1973
1974 *
1975
1976
1977
1978
1979
1980
1981
1982
1983 *
1984 *
1985
1986
1987
1988
1989
1990
1991
1992
1993
1994
1995 *
1996
1997 *
1998
1999
2000
2001
2002
2003
2004
2005
2006
2007
2008
2009
2010
2011
2012
2013
2014
2015
2016
2017
2018
2019
2020
2021
2022
2023
2024
2025
2026
2027
2028
2029
2030
2031 *
2032
2033
2034
2035
2036
2037
2038
2039
2040
2041
2042
2043
2044
2045
2046
2047
2048
2049
2050
2051
2052
2053
2054 *
2055
2056
2057
2058
2059 *
2060
2061
2062
2063 *
2064
2065
2066
2067
2068
2069
2070
2071
2072 *
2073
2074
2075 *
2076
2077
2078
2079
2080
2081 *
2082
2083
2084
2085
2086
2087
2088
2089
2090
2091
2092
2093
2094
2095
2096 *
2097
2098
2099
2100
2101
2102
2103
2104
2105
2106
2107
2108
2109
2110
2111
2112
2113 *
2114
2115
2116
2117
2118
2119
2120
2121
2122 *
2123
2124 *
2125
2126
2127
2128 *
2129
2130
2131
2132
2133
2134
2135
2136 *
2137
2138
2139
2140
2141
2142
2143
2144
2145
2146
2147 *
2148
2149
2150
2151
2152
2153
2154
2155 *
2156
2157
2158
2159
2160
2161
2162
2163
2164 *
2165
2166
2167
2168
2169
2170
2171
2172
2173
2174
2175
2176 *
2177
2178
2179
2180
2181 *
2182
2183
2184
2185
2186
2187
2188
2189
2190
2191 *
2192
2193
2194
2195
2196 *
2197
2198
2199
2200
2201
2202
2203
2204
2205
2206
2207
2208
2209 *
2210
2211
2212
2213
2214
2215
2216
2217
2218 *
2219
2220
2221
2222
2223
2224
2225
2226 *
2227
2228
2229
2230
2231
2232
2233
2234
2235
2236
2237 *
2238
2239
2240
2241
2242
2243 *
2244
2245
2246
2247
2248
2249
2250
2251
2252
2253
2254
2255
2256
2257
2258
2259
2260 *
2261
2262
2263
2264
2265 *
2266
2267
2268 *
2269
2270
2271
2272
2273
2274
2275
2276
2277
2278
2279
2280
2281
2282
2283
2284
2285
2286
2287 *
2288
2289
2290
2291
2292
2293
2294
2295
2296
2297
2298
2299
2300
2301
2302
2303
2304
2305
2306
2307
2308
2309
2310
2311
2312
2313
2314
2315
2316
2317
2318 *
2319
2320
2321
2322
2323
2324
2325
2326
2327
2328
2329 *
2330
2331
2332
2333
2334
2335
2336 *
2337
2338
2339
2340
2341
2342
2343
2344
2345
2346
2347
2348
2349
2350
2351
2352
2353
2354
2355
2356
2357
2358
2359
2360
2361 *
2362
2363
2364
2365
2366
2367
2368
2369
2370 *
2371
2372
2373
2374
2375
2376 *
2377
2378
2379
2380
2381
2382 *
2383
2384 *
2385 *
2386
2387
2388
2389
2390
2391
2392
2393
2394
2395
2396
2397
2398
2399
2400
2401
2402
2403
2404
2405
2406
2407
2408
2409
2410
2411
2412 *
2413
2414
2415
2416
2417
2418
2419
2420
2421 *
2422
2423
2424
2425
2426 *
2427
2428
2429
2430
2431
2432
2433
2434
2435
2436
2437 *
2438
2439
2440
2441
2442
2443
2444
2445
2446
2447
2448 *
2449
2450
2451
2452
2453
2454
2455
2456
2457
2458
2459
2460
2461
2462
2463
2464
2465
2466
2467
2468
2469
2470 *
2471
2472
2473 *
2474
2475
2476
2477
2478
2479
2480
2481
2482
2483
2484
2485
2486
2487
2488
2489 *
2490
2491
2492
2493
2494
2495
2496
2497
2498
2499
2500
2501 *
2502
2503
2504
2505
2506
2507
2508
2509
2510
2511
2512
2513
2514
2515
2516
2517
2518
2519 *
2520
2521
2522 *
2523
2524
2525
2526
2527
2528
2529
2530
2531
2532
2533
2534
2535
2536
2537
2538
2539
2540
2541
2542
2543
2544
2545
2546
2547
2548
2549
2550 *
2551
2552
2553 *
2554
2555
2556
2557
2558
2559
2560
2561
2562
2563
2564
2565
2566
2567 *
2568
2569
2570
2571
2572
2573
2574
2575
2576
2577
2578
2579
2580
2581
2582
2583
2584
2585
2586
2587
2588
2589 *
2590
2591
2592
2593
2594
2595
2596
2597
2598
2599
2600
2601
2602
2603
2604
2605 *
2606
2607
2608
2609
2610
2611
2612
2613 *
2614
2615
2616
2617
2618
2619 *
2620
2621
2622
2623
2624
2625
2626
2627
2628
2629
2630
2631
2632
2633
2634
2635
2636
2637
2638 *
2639
2640
2641
2642
2643
2644 *
2645
2646
2647
2648
2649
2650
2651
2652
2653
2654
2655
2656 *
2657
2658
2659
2660
2661
2662
2663
2664 *
2665
2666 *
2667
2668
2669
2670
2671
2672
2673
2674
2675
2676
2677
2678
2679
2680
2681
2682
2683
2684
2685
2686
2687
2688
2689
2690
2691
2692
2693
2694 *
2695
2696
2697
2698
2699
2700
2701
2702
2703
2704
2705
2706
2707
2708
2709
2710 *
2711
2712
2713
2714
2715
2716
2717
2718
2719
2720 *
2721
2722 *
2723
2724
2725
2726
2727
2728
2729
2730
2731
2732
2733
2734
2735
2736
2737
2738
2739
2740
2741
2742
2743
2744
2745
2746
2747
2748 *
2749
2750
2751 *
2752
2753
2754
2755
2756
2757
2758
2759
2760
2761
2762
2763
2764
2765
2766
2767 *
2768
2769
2770 *
2771
2772
2773
2774
2775
2776 *
2777
2778
2779
2780 *
2781
2782
2783
2784 *
2785
2786
2787
2788
2789
2790
2791
2792
2793 *
2794
2795
2796
2797
2798
2799
2800
2801
2802
2803
2804
2805
2806
2807
2808
2809
2810
2811
2812
2813
2814
2815
2816
2817 *
2818
2819
2820
2821
2822
2823
2824
2825
2826
2827
2828
2829
2830
2831 *
2832
2833
2834
2835
2836
2837
2838 *
2839
2840
2841
2842
2843 *
2844
2845
2846
2847
2848
2849
2850
2851
2852
2853
2854
2855
2856
2857 *
2858
2859
2860 *
2861
2862
2863
2864
2865
2866
2867
2868
2869
2870
2871
2872
2873
2874
2875
2876
2877
2878
2879
2880
2881
2882
2883
2884
2885
2886
2887
2888
2889
2890
2891
2892
2893
2894
2895
2896
2897
2898
2899
2900
2901
2902
2903
2904
2905 *
2906
2907
2908
2909
2910
2911
2912
2913
2914 *
2915
2916
2917
2918
2919 *
2920 *
2921
2922
2923
2924
2925
2926 *
2927
2928
2929 *
2930
2931
2932
2933
2934
2935
2936
2937
2938
2939
2940
2941
2942
2943
2944
2945
2946
2947
2948
2949
2950
2951 *
2952
2953
2954
2955
2956
2957
2958
2959
2960
2961
2962 *
2963
2964
2965
2966
2967
2968
2969
2970 *
2971
2972
2973
2974 *
2975 *
2976
2977
2978
2979
2980 *
2981
2982
2983 *
2984 *
2985
2986
2987 *
2988
2989
2990 *
2991
2992
2993
2994
2995 *
2996
2997
2998
2999
0 -- 1297
0 -- 1772
1 -- 1957
2 -- 648
2 -- 1497
3 -- 745
3 -- 1753
3 -- 2634
3 -- 1671
4 -- 1674
5 -- 2393
5 -- 2154
5 -- 790
5 -- 2135
6 -- 664
6 -- 2961
6 -- 1838
6 -- 2695
7 -- 1883
7 -- 308
8 -- 1306
8 -- 2707
8 -- 2284
9 -- 1905
9 -- 796
9 -- 510
9 -- 2679
10 -- 960
10 -- 2958
11 -- 1091
11 -- 2516
11 -- 21
11 -- 2070
12 -- 1777
12 -- 971
12 -- 439
12 -- 2787
13 -- 2264
13 -- 490
13 -- 2245
13 -- 262
14 -- 204
14 -- 1762
14 -- 2332
14 -- 1821
14 -- 2670
15 -- 1136
15 -- 2321
15 -- 1930
15 -- 2531
16 -- 1056
16 -- 1382
17 -- 473
17 -- 2967
18 -- 1624
18 -- 761
19 -- 2568
19 -- 568
19 -- 147
19 -- 1844
19 -- 2968
19 -- 2235
20 -- 1650
22 -- 1516
22 -- 1423
23 -- 1538
23 -- 866
23 -- 195
23 -- 348
23 -- 1421
24 -- 32
24 -- 1600
25 -- 2288
25 -- 1723
26 -- 2888
26 -- 2545
26 -- 397
27 -- 2825
27 -- 1252
28 -- 2753
28 -- 1103
28 -- 1200
28 -- 146
28 -- 310
28 -- 313
29 -- 880
29 -- 363
29 -- 1451
29 -- 1246
29 -- 1903
30 -- 816
30 -- 1301
30 -- 526
30 -- 1631
31 -- 1218
31 -- 173
31 -- 1399
32 -- 2575
33 -- 1570
33 -- 2550
34 -- 51
34 -- 2133
34 -- 486
35 -- 2176
35 -- 1819
36 -- 905
36 -- 2795
36 -- 1117
36 -- 1998
37 -- 859
37 -- 1467
37 -- 1364
38 -- 416
38 -- 124
38 -- 650
38 -- 564
38 -- 1410
39 -- 2761
39 -- 2967
40 -- 1352
40 -- 1123
40 -- 750
41 -- 2988
41 -- 1804
41 -- 1926
42 -- 387
42 -- 1671
42 -- 2128
42 -- 657
42 -- 2609
42 -- 2937
43 -- 1058
43 -- 1074
43 -- 2658
43 -- 2221
43 -- 2129
43 -- 114
43 -- 1246
44 -- 1633
44 -- 2645
44 -- 2759
45 -- 2114
45 -- 1109
45 -- 1430
45 -- 1527
46 -- 1387
46 -- 1867
46 -- 1645
46 -- 468
46 -- 2780
46 -- 1567
47 -- 73
48 -- 665
48 -- 2495
48 -- 262
48 -- 519
49 -- 380
49 -- 1508
50 -- 2610
50 -- 2251
50 -- 1086
51 -- 1896
51 -- 274
51 -- 2595
52 -- 1337
52 -- 2532
54 -- 567
55 -- 1796
55 -- 1975
58 -- 720
59 -- 1200
59 -- 2816
59 -- 2896
59 -- 1933
62 -- 2866
62 -- 1564
62 -- 1461
62 -- 2870
62 -- 741
63 -- 931
63 -- 134
63 -- 2345
63 -- 562
63 -- 372
63 -- 713
63 -- 1177
63 -- 2170
63 -- 1724
64 -- 2856
64 -- 2696
64 -- 642
64 -- 2042
65 -- 463
65 -- 892
65 -- 2847
66 -- 524
66 -- 365
67 -- 1245
67 -- 1015
68 -- 1859
68 -- 1268
68 -- 2406
69 -- 2770
69 -- 579
69 -- 83
69 -- 2245
70 -- 1657
70 -- 2442
70 -- 1945
71 -- 1616
71 -- 1033
71 -- 883
71 -- 731
72 -- 2450
72 -- 398
72 -- 862
73 -- 952
73 -- 81
73 -- 557
73 -- 333
74 -- 1632
74 -- 2442
74 -- 1739
74 -- 973
74 -- 1806
74 -- 781
74 -- 2330
74 -- 2110
75 -- 1369
75 -- 1180
76 -- 1720
76 -- 1603
77 -- 1736
77 -- 1200
77 -- 2036
77 -- 1437
77 -- 367
78 -- 1793
78 -- 2308
78 -- 2430
78 -- 559
79 -- 456
79 -- 941
79 -- 272
79 -- 1299
79 -- 2612
79 -- 159
80 -- 2242
80 -- 907
80 -- 1989
80 -- 1323
80 -- 1966
80 -- 2004
80 -- 1502
81 -- 2185
81 -- 1208
81 -- 634
81 -- 1466
81 -- 1342
82 -- 760
82 -- 1288
82 -- 1691
83 -- 1644
83 -- 1994
83 -- 1427
83 -- 2323
83 -- 1332
83 -- 2647
83 -- 827
85 -- 2954
86 -- 1976
86 -- 1809
86 -- 1250
86 -- 2075
87 -- 987
87 -- 2947
87 -- 397
87 -- 1278
87 -- 695
88 -- 1952
89 -- 1988
89 -- 1317
91 -- 1147
91 -- 1268
91 -- 2934
92 -- 1585
92 -- 514
93 -- 384
94 -- 482
94 -- 1019
94 -- 2074
95 -- 2786
95 -- 611
95 -- 1726
95 -- 375
96 -- 2713
96 -- 1156
96 -- 2812
96 -- 1879
97 -- 363
97 -- 2093
97 -- 142
98 -- 1242
98 -- 1386
98 -- 186
98 -- 1110
100 -- 2898
100 -- 2141
101 -- 1628
101 -- 2706
101 -- 1372
102 -- 2928
102 -- 2418
102 -- 340
102 -- 986
103 -- 2809
103 -- 877
103 -- 1101
104 -- 2370
106 -- 1992
106 -- 547
106 -- 1763
107 -- 1249
107 -- 1859
107 -- 2853
107 -- 1295
107 -- 1364
107 -- 1465
108 -- 992
108 -- 578
108 -- 222
108 -- 1270
108 -- 1061
109 -- 597
109 -- 1359
110 -- 2368
110 -- 2204
110 -- 2771
110 -- 1588
110 -- 1912
111 -- 2297
111 -- 1322
111 -- 342
112 -- 418
113 -- 2644
113 -- 998
115 -- 241
115 -- 1178
115 -- 1755
115 -- 1386
115 -- 1817
116 -- 1720
116 -- 1688
116 -- 719
116 -- 2372
116 -- 2969
117 -- 841
117 -- 1626
117 -- 2631
117 -- 1497
118 -- 1017
118 -- 179
118 -- 510
119 -- 552
119 -- 2504
119 -- 2349
119 -- 2353
120 -- 1334
121 -- 405
121 -- 1317
121 -- 670
121 -- 2630
121 -- 1895
122 -- 872
122 -- 1715
122 -- 2389
123 -- 2270
124 -- 1089
124 -- 2786
124 -- 1127
124 -- 233
124 -- 1336
124 -- 1171
124 -- 1496
124 -- 1631
125 -- 2910
126 -- 1552
126 -- 1845
127 -- 1936
128 -- 2312
128 -- 1581
128 -- 2870
130 -- 1400
130 -- 2513
130 -- 340
130 -- 1006
130 -- 1073
131 -- 1842
131 -- 2354
131 -- 2127
132 -- 748
132 -- 951
133 -- 210
133 -- 811
133 -- 1524
134 -- 503
135 -- 160
135 -- 540
135 -- 1047
136 -- 1251
136 -- 2628
136 -- 2283
136 -- 691
136 -- 2714
136 -- 1660
137 -- 1226
137 -- 2932
137 -- 1046
138 -- 1089
138 -- 1658
138 -- 1548
139 -- 225
139 -- 2726
139 -- 2271
140 -- 1332
141 -- 989
143 -- 2861
143 -- 2575
144 -- 363
144 -- 2067
144 -- 2332
145 -- 1540
146 -- 1345
146 -- 2859
146 -- 1646
146 -- 1264
146 -- 1919
147 -- 2569
147 -- 2204
148 -- 1881
148 -- 538
148 -- 1474
148 -- 1934
149 -- 1128
149 -- 2702
149 -- 2478
149 -- 1014
149 -- 2552
149 -- 1183
149 -- 415
150 -- 2016
150 -- 604
150 -- 261
151 -- 1593
152 -- 1508
153 -- 2960
153 -- 2377
153 -- 2290
153 -- 2514
153 -- 2871
154 -- 1764
155 -- 2076
155 -- 645
155 -- 1455
156 -- 1777
156 -- 1930
156 -- 2836
156 -- 433
157 -- 1784
157 -- 1688
157 -- 803
157 -- 1206
157 -- 2255
158 -- 1257
158 -- 2379
158 -- 2615
158 -- 2291
158 -- 661
158 -- 471
159 -- 2410
159 -- 566
160 -- 1431
161 -- 921
161 -- 406
161 -- 503
162 -- 992
162 -- 693
162 -- 1247
163 -- 2258
163 -- 299
164 -- 1233
165 -- 2571
166 -- 2704
166 -- 1711
166 -- 1886
166 -- 1735
167 -- 2280
167 -- 2297
168 -- 1680
168 -- 1953
168 -- 587
168 -- 219
170 -- 804
170 -- 814
170 -- 2327
171 -- 2403
172 -- 1249
172 -- 1748
173 -- 2826
173 -- 2178
173 -- 1646
174 -- 2775
174 -- 2124
174 -- 1999
175 -- 2473
175 -- 2603
175 -- 2709
177 -- 2123
177 -- 2763
177 -- 2455
178 -- 705
178 -- 2781
179 -- 2716
179 -- 1254
179 -- 1207
180 -- 320
180 -- 204
181 -- 355
181 -- 2824
181 -- 683
181 -- 1419
182 -- 1144
182 -- 1049
183 -- 1522
183 -- 2165
184 -- 665
184 -- 2377
184 -- 231
184 -- 935
185 -- 2284
185 -- 1734
186 -- 1253
186 -- 2476
186 -- 1426
186 -- 1977
186 -- 2270
187 -- 1048
187 -- 725
188 -- 1576
189 -- 2592
189 -- 2633
190 -- 2749
190 -- 1957
190 -- 1158
190 -- 327
191 -- 1882
191 -- 1124
191 -- 2165
192 -- 2589
192 -- 1102
192 -- 2583
193 -- 2816
193 -- 1193
193 -- 2200
193 -- 1148
193 -- 350
193 -- 1695
194 -- 1148
194 -- 919
195 -- 2387
195 -- 2908
195 -- 2910
195 -- 1407
197 -- 2197
197 -- 1317
197 -- 612
197 -- 2837
197 -- 717
198 -- 295
198 -- 2503
199 -- 2634
199 -- 902
199 -- 2166
200 -- 522
200 -- 915
200 -- 236
200 -- 686
200 -- 767
201 -- 2147
201 -- 789
202 -- 424
202 -- 2529
202 -- 2851
202 -- 1486
203 -- 777
203 -- 579
203 -- 1477
204 -- 1440
204 -- 1728
204 -- 1745
204 -- 1389
204 -- 1073
204 -- 627
204 -- 501
205 -- 1898
205 -- 1507
205 -- 621
205 -- 911
206 -- 1005
206 -- 2661
206 -- 271
207 -- 2208
207 -- 2017
207 -- 2963
208 -- 922
208 -- 2252
208 -- 1365
208 -- 2646
209 -- 352
209 -- 1371
209 -- 2771
209 -- 1653
210 -- 2256
210 -- 861
211 -- 1698
211 -- 1908
211 -- 695
212 -- 929
212 -- 2365
212 -- 373
213 -- 1535
214 -- 1762
216 -- 1668
216 -- 756
217 -- 1627
217 -- 1003
217 -- 836
217 -- 1357
217 -- 1375
218 -- 1284
218 -- 2798
218 -- 1278
219 -- 864
219 -- 1149
219 -- 1655
220 -- 1523
220 -- 2461
221 -- 2856
222 -- 1890
222 -- 589
222 -- 1875
222 -- 1013
222 -- 2842
223 -- 952
223 -- 2469
223 -- 542
224 -- 898
224 -- 874
225 -- 513
225 -- 1764
225 -- 1839
225 -- 1210
225 -- 1999
226 -- 1593
226 -- 1379
226 -- 2981
227 -- 544
227 -- 2173
227 -- 767
228 -- 1112
228 -- 1844
228 -- 2663
229 -- 561
229 -- 2340
229 -- 942
230 -- 2241
230 -- 1597
230 -- 1217
231 -- 2468
231 -- 2885
231 -- 1898
231 -- 405
231 -- 2300
232 -- 2738
232 -- 647
232 -- 1010
232 -- 1463
233 -- 392
233 -- 2417
233 -- 925
233 -- 2660
234 -- 2345
234 -- 2850
234 -- 2467
234 -- 2684
235 -- 1591
235 -- 2575
235 -- 2148
235 -- 2135
236 -- 2619
237 -- 2368
237 -- 699
237 -- 965
238 -- 636
238 -- 444
239 -- 1852
239 -- 2019
239 -- 2324
240 -- 1280
240 -- 1729
240 -- 778
240 -- 300
240 -- 2927
240 -- 1585
240 -- 2866
240 -- 279
241 -- 531
241 -- 729
241 -- 2379
241 -- 862
242 -- 753
242 -- 2074
243 -- 1876
243 -- 583
245 -- 1729
245 -- 2202
245 -- 1507
246 -- 680
246 -- 562
246 -- 2643
246 -- 2359
247 -- 295
248 -- 845
248 -- 646
249 -- 1712
249 -- 1229
251 -- 866
251 -- 1267
251 -- 1170
251 -- 595
251 -- 1524
251 -- 1942
251 -- 986
251 -- 1503
252 -- 1040
252 -- 1650
252 -- 2389
252 -- 1366
252 -- 797
253 -- 1661
254 -- 748
254 -- 957
255 -- 1202
255 -- 2997
256 -- 2187
256 -- 1324
256 -- 1461
256 -- 1171
256 -- 1823
257 -- 1064
257 -- 2508
257 -- 2708
257 -- 1063
258 -- 1346
258 -- 1644
259 -- 1796
260 -- 497
260 -- 2714
260 -- 2499
260 -- 1697
261 -- 1040
261 -- 692
262 -- 2704
263 -- 1543
263 -- 943
263 -- 831
266 -- 545
266 -- 2243
266 -- 870
266 -- 641
266 -- 2412
266 -- 2203
266 -- 2495
267 -- 493
267 -- 2706
267 -- 1523
267 -- 920
267 -- 1530
267 -- 1149
267 -- 1599
268 -- 775
268 -- 674
268 -- 487
268 -- 965
268 -- 815
269 -- 1076
269 -- 1493
270 -- 2954
271 -- 2240
271 -- 2478
271 -- 2558
271 -- 1455
272 -- 1551
272 -- 787
272 -- 371
273 -- 1672
273 -- 2664
273 -- 2234
273 -- 2131
273 -- 2553
274 -- 1179
274 -- 1956
274 -- 798
274 -- 281
275 -- 1926
277 -- 1892
278 -- 2729
278 -- 2460
278 -- 833
279 -- 711
279 -- 920
279 -- 1684
279 -- 2615
279 -- 312
279 -- 2363
279 -- 1469
280 -- 1949
280 -- 969
280 -- 333
280 -- 735
281 -- 669
281 -- 2598
281 -- 375
282 -- 1703
282 -- 2135
282 -- 2928
282 -- 1010
282 -- 1463
282 -- 2106
284 -- 2048
284 -- 1898
284 -- 2606
285 -- 1961
285 -- 2287
285 -- 1028
285 -- 1183
286 -- 482
286 -- 1635
286 -- 1436
286 -- 2930
288 -- 2651
289 -- 1760
289 -- 763
290 -- 2891
290 -- 2852
290 -- 822
290 -- 2126
291 -- 2962
292 -- 832
292 -- 705
292 -- 648
292 -- 1899
292 -- 1385
293 -- 1741
293 -- 949
294 -- 467
294 -- 1014
294 -- 2558
295 -- 2209
295 -- 1308
295 -- 636
295 -- 2141
296 -- 2463
297 -- 1195
297 -- 2525
298 -- 2050
298 -- 2571
298 -- 643
298 -- 1862
299 -- 1265
299 -- 2354
299 -- 1662
299 -- 1561
300 -- 2011
300 -- 662
301 -- 1226
301 -- 1202
301 -- 516
301 -- 1330
302 -- 2461
303 -- 387
303 -- 1212
304 -- 2512
304 -- 795
305 -- 872
305 -- 435
305 -- 1109
306 -- 739
306 -- 2749
307 -- 968
308 -- 2983
308 -- 652
308 -- 1645
308 -- 2671
309 -- 1240
309 -- 1720
309 -- 2674
309 -- 1190
310 -- 2615
311 -- 1985
311 -- 891
311 -- 1533
311 -- 849
311 -- 1165
312 -- 787
312 -- 2569
312 -- 1007
312 -- 1532
313 -- 2752
313 -- 1419
313 -- 1299
313 -- 2803
313 -- 1467
314 -- 1705
314 -- 2830
314 -- 626
314 -- 1590
314 -- 1961
314 -- 955
315 -- 2136
315 -- 2112
316 -- 783
316 -- 1210
316 -- 1095
316 -- 1941
316 -- 2013
317 -- 520
317 -- 1220
318 -- 2914
318 -- 2231
318 -- 1950
318 -- 862
318 -- 583
319 -- 1903
320 -- 1962
320 -- 323
321 -- 2728
321 -- 1780
321 -- 956
321 -- 2031
322 -- 747
323 -- 2123
323 -- 1519
323 -- 1402
323 -- 923
323 -- 1630
323 -- 927
324 -- 1386
324 -- 2799
324 -- 2644
324 -- 1588
324 -- 2778
324 -- 827
326 -- 1965
326 -- 469
327 -- 2592
327 -- 2737
328 -- 1690
328 -- 2875
330 -- 836
330 -- 1329
330 -- 2076
330 -- 1839
331 -- 849
331 -- 1598
331 -- 1310
331 -- 670
332 -- 881
332 -- 2692
333 -- 1796
333 -- 709
333 -- 2543
333 -- 794
333 -- 1823
334 -- 1316
335 -- 720
335 -- 1443
335 -- 2020
336 -- 632
336 -- 759
337 -- 1699
337 -- 2876
338 -- 1793
338 -- 2636
338 -- 1254
339 -- 2879
340 -- 2361
340 -- 676
341 -- 2533
341 -- 2118
341 -- 1033
341 -- 1715
341 -- 2809
341 -- 601
341 -- 2586
341 -- 1605
342 -- 1376
342 -- 1250
342 -- 1699
342 -- 678
342 -- 1213
343 -- 1657
343 -- 1650
343 -- 790
344 -- 1327
344 -- 1071
344 -- 2525
344 -- 2511
345 -- 489
345 -- 2986
345 -- 925
345 -- 2480
345 -- 2706
345 -- 2793
345 -- 1386
346 -- 1976
346 -- 421
346 -- 1380
346 -- 1405
346 -- 1503
347 -- 1385
347 -- 1701
347 -- 1719
348 -- 1280
348 -- 2373
348 -- 1558
348 -- 2844
348 -- 1567
349 -- 2096
349 -- 2566
350 -- 2522
351 -- 2681
351 -- 2717
351 -- 1017
352 -- 1707
352 -- 747
353 -- 481
353 -- 2631
353 -- 1289
353 -- 1709
353 -- 1586
353 -- 372
353 -- 630
354 -- 1941
354 -- 2221
355 -- 2766
355 -- 502
355 -- 662
356 -- 1680
356 -- 2954
356 -- 948
357 -- 2424
357 -- 466
357 -- 2534
357 -- 487
359 -- 2018
359 -- 1838
360 -- 2600
360 -- 1961
360 -- 2939
360 -- 1339
361 -- 2872
361 -- 2331
361 -- 2854
362 -- 1997
362 -- 567
363 -- 2530
363 -- 1869
363 -- 1647
363 -- 1685
364 -- 2870
365 -- 2198
366 -- 1033
366 -- 635
367 -- 1548
367 -- 2173
367 -- 2695
368 -- 1449
368 -- 2538
369 -- 1811
369 -- 1790
369 -- 1558
370 -- 2104
370 -- 2476
370 -- 2631
372 -- 1597
372 -- 1630
373 -- 2996
373 -- 2245
373 -- 918
374 -- 2322
374 -- 1117
375 -- 2299
375 -- 1893
375 -- 1973
376 -- 696
376 -- 1835
377 -- 559
377 -- 2574
377 -- 606
377 -- 2447
378 -- 2872
378 -- 1490
378 -- 2277
378 -- 575
379 -- 1058
379 -- 902
379 -- 2766
380 -- 1124
380 -- 1221
380 -- 1062
380 -- 1388
380 -- 716
380 -- 2737
380 -- 2578
380 -- 2118
381 -- 1905
381 -- 1523
381 -- 2261
382 -- 1381
382 -- 2813
382 -- 1351
383 -- 1322
384 -- 968
384 -- 1520
384 -- 780
384 -- 2680
385 -- 1480
385 -- 2396
386 -- 2129
386 -- 870
388 -- 2201
388 -- 1253
388 -- 1615
389 -- 851
389 -- 1636
389 -- 2555
389 -- 2175
390 -- 2343
391 -- 2187
391 -- 1183
392 -- 1569
392 -- 2076
392 -- 2861
394 -- 2183
395 -- 1609
395 -- 1547
396 -- 810
396 -- 1354
396 -- 981
396 -- 901
397 -- 2533
397 -- 1878
397 -- 2127
398 -- 2923
398 -- 2542
399 -- 2569
400 -- 1624
400 -- 2410
400 -- 587
401 -- 1448
401 -- 2986
401 -- 2044
401 -- 663
402 -- 864
402 -- 2516
403 -- 1280
403 -- 2881
403 -- 1479
403 -- 2378
403 -- 1805
403 -- 1070
403 -- 1621
403 -- 2776
403 -- 1786
404 -- 768
404 -- 2481
404 -- 1362
404 -- 2131
404 -- 1367
405 -- 2252
405 -- 1933
407 -- 1468
407 -- 981
408 -- 2281
409 -- 1768
409 -- 657
409 -- 2971
409 -- 1462
410 -- 2340
411 -- 2441
411 -- 1659
412 -- 1491
412 -- 741
412 -- 1103
413 -- 1720
413 -- 1388
415 -- 1137
415 -- 1055
416 -- 499
416 -- 590
416 -- 2815
417 -- 1287
417 -- 2217
417 -- 2645
417 -- 1784
417 -- 953
417 -- 1725
418 -- 2019
418 -- 2775
418 -- 879
419 -- 1667
419 -- 1959
419 -- 498
419 -- 692
419 -- 1816
419 -- 1780
420 -- 2240
420 -- 2387
420 -- 1844
420 -- 506
420 -- 1022
420 -- 703
421 -- 2979
421 -- 1256
421 -- 427
421 -- 1779
421 -- 2452
422 -- 1683
422 -- 2783
423 -- 1036
423 -- 2026
423 -- 2156
423 -- 2254
423 -- 2235
423 -- 1340
423 -- 701
424 -- 2913
424 -- 1587
424 -- 788
424 -- 759
424 -- 761
425 -- 1344
425 -- 2496
425 -- 628
425 -- 2885
425 -- 1742
426 -- 2662
426 -- 1703
427 -- 860
428 -- 1249
429 -- 945
430 -- 1084
430 -- 2046
430 -- 2303
431 -- 2364
431 -- 1765
431 -- 910
431 -- 871
432 -- 1960
432 -- 2573
433 -- 1441
433 -- 2093
433 -- 2726
433 -- 2081
434 -- 2635
434 -- 1565
435 -- 1188
435 -- 1319
436 -- 1012
436 -- 2452
436 -- 1349
436 -- 540
437 -- 2429
438 -- 2986
438 -- 1101
439 -- 885
439 -- 1815
440 -- 964
441 -- 503
442 -- 2172
442 -- 1685
443 -- 1104
443 -- 2777
443 -- 2527
444 -- 1613
444 -- 2637
444 -- 882
444 -- 2867
444 -- 2541
445 -- 625
445 -- 2335
445 -- 2583
446 -- 1257
446 -- 2002
446 -- 2837
446 -- 890
446 -- 1415
447 -- 2472
447 -- 2450
448 -- 2079
448 -- 949
448 -- 1959
449 -- 1410
449 -- 2956
450 -- 2128
450 -- 1630
451 -- 2984
451 -- 2649
452 -- 1881
452 -- 1146
452 -- 548
452 -- 1774
453 -- 2312
453 -- 1209
453 -- 781
454 -- 2665
454 -- 1491
454 -- 2689
455 -- 2961
455 -- 804
455 -- 2721
456 -- 981
457 -- 1730
457 -- 1668
458 -- 488
458 -- 2458
458 -- 2955
459 -- 1413
459 -- 990
460 -- 1344
460 -- 771
460 -- 1253
462 -- 1722
463 -- 1872
463 -- 2667
463 -- 2006
463 -- 902
464 -- 2279
464 -- 2164
464 -- 2471
466 -- 616
466 -- 2442
466 -- 2486
466 -- 2134
467 -- 2398
467 -- 845
468 -- 2177
468 -- 699
469 -- 1088
469 -- 2238
469 -- 2551
470 -- 967
471 -- 2819
471 -- 2623
471 -- 1815
471 -- 2887
472 -- 2162
472 -- 2843
473 -- 1208
473 -- 537
473 -- 2724
474 -- 2872
474 -- 1339
474 -- 1372
474 -- 2685
474 -- 2366
475 -- 1313
475 -- 2906
475 -- 1939
476 -- 2770
476 -- 1035
478 -- 1718
478 -- 867
478 -- 1773
478 -- 1054
478 -- 927
479 -- 1830
481 -- 2418
481 -- 1326
481 -- 646
481 -- 1815
482 -- 1850
482 -- 1220
482 -- 1606
483 -- 2513
483 -- 1473
483 -- 2835
483 -- 2537
484 -- 1195
484 -- 1485
485 -- 2673
485 -- 1331
486 -- 1860
487 -- 2924
487 -- 2908
487 -- 2452
488 -- 1605
488 -- 1420
488 -- 716
488 -- 1136
488 -- 793
488 -- 2460
489 -- 2169
489 -- 1678
490 -- 1723
490 -- 1647
491 -- 2312
491 -- 1457
491 -- 2490
491 -- 627
491 -- 1992
492 -- 2953
492 -- 2810
492 -- 2599
492 -- 695
493 -- 1025
493 -- 2717
493 -- 2686
494 -- 2899
494 -- 2131
494 -- 1158
495 -- 1738
496 -- 672
496 -- 1186
497 -- 1888
497 -- 2457
497 -- 1386
497 -- 1676
498 -- 1163
498 -- 2476
498 -- 1519
498 -- 849
498 -- 1523
498 -- 2618
498 -- 2522
499 -- 2733
499 -- 1022
499 -- 557
500 -- 1226
501 -- 2612
501 -- 1291
501 -- 1669
502 -- 848
504 -- 817
504 -- 2437
505 -- 2886
506 -- 2438
507 -- 1753
508 -- 2888
508 -- 696
508 -- 1981
508 -- 1695
509 -- 1633
509 -- 1415
510 -- 1157
510 -- 2058
510 -- 2283
510 -- 1999
510 -- 1555
510 -- 2399
511 -- 2379
512 -- 1201
512 -- 1313
512 -- 926
512 -- 2073
513 -- 1275
514 -- 2735
515 -- 2200
515 -- 2928
515 -- 1138
516 -- 2818
516 -- 869
516 -- 2479
517 -- 2985
517 -- 1155
517 -- 2644
517 -- 2833
518 -- 2653
518 -- 1135
519 -- 720
519 -- 2674
519 -- 1011
520 -- 1707
520 -- 1405
521 -- 2075
521 -- 2438
522 -- 1190
523 -- 2267
523 -- 1479
523 -- 839
524 -- 1296
524 -- 922
524 -- 2646
525 -- 1460
527 -- 812
527 -- 1581
527 -- 766
527 -- 1941
528 -- 2824
529 -- 2017
529 -- 1620
529 -- 2919
530 -- 1938
530 -- 2979
530 -- 1501
530 -- 2662
531 -- 2408
531 -- 1967
532 -- 1657
532 -- 2964
532 -- 646
533 -- 993
533 -- 1827
533 -- 2415
533 -- 1269
533 -- 853
533 -- 2842
533 -- 1276
533 -- 1407
536 -- 1611
537 -- 2586
537 -- 2971
537 -- 699
537 -- 2365
538 -- 1945
538 -- 1590
539 -- 1849
539 -- 2838
540 -- 2387
540 -- 2949
541 -- 1922
541 -- 1195
542 -- 744
542 -- 720
543 -- 1256
543 -- 1826
543 -- 2991
544 -- 833
544 -- 2889
544 -- 2386
544 -- 1427
544 -- 2164
544 -- 1567
545 -- 1402
545 -- 2710
546 -- 1689
547 -- 1412
547 -- 1798
548 -- 840
548 -- 1160
548 -- 2199
548 -- 1919
549 -- 1115
549 -- 2468
549 -- 2310
550 -- 795
550 -- 2301
550 -- 1519
551 -- 882
551 -- 1646
552 -- 2879
553 -- 2856
553 -- 2921
553 -- 2850
553 -- 2779
553 -- 1917
554 -- 2245
554 -- 1606
554 -- 1327
556 -- 1200
556 -- 2463
556 -- 1748
556 -- 783
557 -- 2701
558 -- 1498
558 -- 2139
558 -- 1867
558 -- 2031
558 -- 1247
559 -- 2897
560 -- 713
560 -- 2853
560 -- 2503
561 -- 1046
561 -- 2237
562 -- 2696
562 -- 1426
562 -- 1403
563 -- 928
563 -- 2273
563 -- 2490
563 -- 2610
564 -- 602
564 -- 838
564 -- 2045
565 -- 793
565 -- 2394
565 -- 2861
566 -- 1887
566 -- 1982
566 -- 2903
567 -- 2401
567 -- 2410
568 -- 1706
569 -- 2112
569 -- 1432
569 -- 2301
569 -- 807
570 -- 2307
570 -- 1244
571 -- 2515
571 -- 1284
571 -- 2462
572 -- 1992
572 -- 1833
573 -- 1034
573 -- 997
573 -- 2655
574 -- 962
574 -- 2756
575 -- 1060
576 -- 2361
576 -- 1834
576 -- 2715
576 -- 1966
577 -- 2860
577 -- 2540
577 -- 849
579 -- 1176
579 -- 2447
580 -- 2907
580 -- 979
580 -- 1939
581 -- 2064
581 -- 1477
582 -- 797
583 -- 1282
584 -- 697
584 -- 2588
585 -- 1160
585 -- 1938
586 -- 2244
586 -- 2725
587 -- 1985
587 -- 1254
588 -- 1282
588 -- 829
589 -- 1340
590 -- 2177
590 -- 1678
591 -- 1584
591 -- 1047
592 -- 2620
593 -- 1152
593 -- 1728
593 -- 1937
593 -- 1170
593 -- 1244
593 -- 735
594 -- 2963
595 -- 1328
595 -- 1141
595 -- 991
596 -- 1202
596 -- 1612
596 -- 1853
597 -- 1432
597 -- 2940
598 -- 622
598 -- 894
598 -- 2830
598 -- 2591
600 -- 656
601 -- 2641
601 -- 1742
602 -- 1536
602 -- 2249
602 -- 2686
603 -- 1809
603 -- 1399
604 -- 673
606 -- 739
606 -- 1070
608 -- 1825
608 -- 1186
608 -- 2214
608 -- 2250
608 -- 1022
608 -- 1180
608 -- 830
609 -- 1033
609 -- 2482
609 -- 2453
609 -- 2895
610 -- 1602
610 -- 2423
611 -- 1016
612 -- 2858
612 -- 2077
612 -- 895
613 -- 1434
613 -- 1884
613 -- 1183
614 -- 1760
614 -- 1104
614 -- 1906
614 -- 2085
614 -- 2398
615 -- 2635
615 -- 1253
615 -- 2229
616 -- 2473
616 -- 1555
616 -- 1042
616 -- 2350
617 -- 1346
617 -- 2275
617 -- 780
619 -- 1367
619 -- 1102
619 -- 2999
620 -- 2176
621 -- 1928
621 -- 1548
621 -- 999
622 -- 1089
622 -- 1748
622 -- 1279
623 -- 889
623 -- 2250
623 -- 708
624 -- 2485
624 -- 2590
625 -- 2771
625 -- 2700
626 -- 2219
626 -- 2614
626 -- 2559
627 -- 1664
627 -- 2158
628 -- 1664
628 -- 2124
628 -- 989
629 -- 2841
630 -- 2145
630 -- 1122
630 -- 1795
630 -- 1380
631 -- 1147
631 -- 2469
632 -- 2057
632 -- 2923
632 -- 1295
632 -- 2736
632 -- 2674
632 -- 2420
633 -- 1676
633 -- 2972
634 -- 963
634 -- 1621
634 -- 2327
635 -- 2073
635 -- 2923
635 -- 2092
636 -- 1920
636 -- 1269
636 -- 2622
637 -- 2509
637 -- 2085
638 -- 2304
638 -- 2537
638 -- 2713
639 -- 2383
640 -- 1177
640 -- 1106
640 -- 2764
640 -- 726
641 -- 1442
641 -- 695
642 -- 1057
642 -- 1172
642 -- 2038
643 -- 650
644 -- 720
644 -- 2043
646 -- 2048
646 -- 2787
646 -- 2052
647 -- 2454
647 -- 1655
648 -- 933
648 -- 778
648 -- 2283
648 -- 2933
648 -- 1157
649 -- 1883
650 -- 1385
650 -- 2117
650 -- 1703
651 -- 781
651 -- 790
651 -- 1399
652 -- 1554
652 -- 1419
652 -- 2434
653 -- 1600
653 -- 782
653 -- 2191
654 -- 857
654 -- 1938
654 -- 997
654 -- 2790
655 -- 1602
655 -- 869
655 -- 2414
655 -- 2983
656 -- 1921
656 -- 2275
656 -- 2120
656 -- 2537
656 -- 1800
656 -- 2998
658 -- 2468
658 -- 1683
658 -- 2164
658 -- 697
659 -- 1648
659 -- 2182
660 -- 2864
660 -- 781
661 -- 1633
661 -- 2757
661 -- 2855
662 -- 2513
662 -- 1565
664 -- 665
664 -- 1954
665 -- 2512
665 -- 1455
665 -- 2263
666 -- 2849
666 -- 947
667 -- 2865
667 -- 2106
667 -- 2892
667 -- 2357
668 -- 2049
669 -- 1344
669 -- 674
669 -- 2468
669 -- 2727
669 -- 1430
669 -- 2846
670 -- 2088
670 -- 2795
671 -- 1351
671 -- 1509
671 -- 1749
672 -- 1090
672 -- 2074
672 -- 1702
672 -- 1191
673 -- 1473
673 -- 1602
673 -- 1127
673 -- 2986
673 -- 2029
673 -- 2901
674 -- 1713
675 -- 1795
675 -- 1372
675 -- 2021
676 -- 2352
676 -- 784
676 -- 1304
676 -- 2682
676 -- 1151
677 -- 1066
677 -- 1980
678 -- 2916
678 -- 1224
678 -- 1903
678 -- 1904
678 -- 1938
679 -- 848
679 -- 2086
679 -- 951
680 -- 940
680 -- 2021
681 -- 2232
681 -- 781
682 -- 2778
682 -- 2029
683 -- 2884
684 -- 2667
685 -- 2539
685 -- 2014
685 -- 2711
686 -- 1243
686 -- 1133
686 -- 1175
687 -- 2456
687 -- 2008
687 -- 2824
688 -- 2166
689 -- 1720
689 -- 2002
689 -- 691
689 -- 956
690 -- 1871
690 -- 1420
690 -- 1215
691 -- 2858
691 -- 1827
691 -- 2823
692 -- 1732
693 -- 1787
693 -- 2109
694 -- 1826
694 -- 1771
694 -- 2582
695 -- 2115
695 -- 746
695 -- 1774
695 -- 2261
695 -- 702
696 -- 844
696 -- 897
697 -- 1909
697 -- 1974
697 -- 2491
697 -- 1246
697 -- 702
698 -- 1468
700 -- 2728
700 -- 1852
700 -- 934
701 -- 2605
701 -- 2486
703 -- 1817
703 -- 2654
704 -- 2976
704 -- 2297
704 -- 2709
705 -- 2408
705 -- 2512
705 -- 1595
705 -- 2558
706 -- 1653
707 -- 771
707 -- 1416
707 -- 2480
707 -- 1315
707 -- 2196
707 -- 2425
708 -- 1828
708 -- 2450
708 -- 1593
708 -- 1689
708 -- 1567
710 -- 1811
710 -- 2465
710 -- 1123
711 -- 2574
711 -- 2269
711 -- 1950
712 -- 1812
712 -- 2531
712 -- 1260
713 -- 840
713 -- 2347
713 -- 2447
713 -- 2451
714 -- 1537
715 -- 1477
716 -- 2021
716 -- 1917
716 -- 2577
716 -- 861
717 -- 2684
719 -- 872
719 -- 1505
720 -- 2819
721 -- 2000
721 -- 1768
721 -- 2891
721 -- 2832
722 -- 2270
724 -- 1786
724 -- 916
725 -- 2140
725 -- 918
725 -- 979
726 -- 1360
726 -- 1038
727 -- 2297
727 -- 1403
727 -- 2461
727 -- 894
728 -- 2053
729 -- 1431
730 -- 857
730 -- 2788
731 -- 1912
731 -- 2771
731 -- 2678
732 -- 1793
732 -- 1363
732 -- 2540
732 -- 1397
733 -- 1705
733 -- 1682
733 -- 2742
734 -- 1788
734 -- 2828
734 -- 1022
736 -- 2210
736 -- 1299
737 -- 979
738 -- 1153
738 -- 1698
738 -- 839
738 -- 2297
738 -- 2266
738 -- 2783
739 -- 1388
741 -- 1684
742 -- 1255
743 -- 761
743 -- 1666
745 -- 1736
745 -- 2591
746 -- 2917
747 -- 1436
747 -- 1942
748 -- 2567
749 -- 794
749 -- 2932
749 -- 765
750 -- 930
751 -- 1419
752 -- 2610
752 -- 2118
753 -- 1643
753 -- 2162
753 -- 1182
754 -- 1976
754 -- 2027
754 -- 2477
755 -- 2351
756 -- 1927
757 -- 1079
758 -- 1720
758 -- 2545
758 -- 1615
759 -- 2498
759 -- 2084
759 -- 1085
760 -- 2760
761 -- 2721
761 -- 941
761 -- 1879
761 -- 990
762 -- 773
763 -- 1545
763 -- 785
763 -- 1051
763 -- 2717
763 -- 1247
764 -- 1432
764 -- 2692
764 -- 1884
766 -- 1288
766 -- 2114
766 -- 2645
766 -- 2062
768 -- 1044
768 -- 2989
768 -- 2185
769 -- 2282
769 -- 878
769 -- 2975
770 -- 1142
772 -- 2354
773 -- 1375
774 -- 1217
775 -- 1095
776 -- 1804
776 -- 2910
777 -- 1240
777 -- 1108
778 -- 2663
779 -- 2984
779 -- 2228
779 -- 2957
780 -- 1751
781 -- 802
781 -- 2987
781 -- 2799
781 -- 1618
781 -- 2262
781 -- 2810
781 -- 2395
782 -- 836
782 -- 2222
782 -- 981
783 -- 1512
783 -- 1620
783 -- 1302
784 -- 2490
784 -- 1238
785 -- 1922
786 -- 1680
786 -- 2514
787 -- 1412
788 -- 1411
788 -- 1812
788 -- 1407
789 -- 966
790 -- 1171
790 -- 2974
791 -- 2349
791 -- 1166
791 -- 1151
792 -- 2059
792 -- 1705
792 -- 827
792 -- 2287
793 -- 1012
793 -- 1388
794 -- 2569
794 -- 2698
794 -- 2711
795 -- 2502
796 -- 1994
796 -- 2925
796 -- 1142
796 -- 1464
796 -- 1241
797 -- 2201
797 -- 2665
797 -- 929
798 -- 2913
798 -- 1028
798 -- 2818
798 -- 2373
799 -- 1278
800 -- 2113
800 -- 1890
800 -- 2469
800 -- 2877
801 -- 2635
801 -- 947
801 -- 866
802 -- 1688
802 -- 2042
803 -- 1904
805 -- 2816
805 -- 964
807 -- 2382
807 -- 871
808 -- 2899
808 -- 1412
808 -- 2133
808 -- 2055
810 -- 2178
810 -- 2853
810 -- 1358
810 -- 2577
810 -- 1785
811 -- 1935
812 -- 2267
813 -- 2000
813 -- 2490
814 -- 2603
814 -- 1195
814 -- 1790
815 -- 2307
815 -- 2590
815 -- 1071
816 -- 2703
816 -- 2695
817 -- 938
817 -- 1781
818 -- 1217
818 -- 1751
819 -- 2846
819 -- 919
820 -- 1448
820 -- 2033
820 -- 2806
822 -- 2866
823 -- 1260
823 -- 2732
824 -- 915
824 -- 1326
824 -- 1519
826 -- 2411
827 -- 1580
827 -- 2613
827 -- 2998
828 -- 1578
828 -- 2421
829 -- 1643
829 -- 1093
829 -- 1061
830 -- 1736
830 -- 1467
832 -- 1393
833 -- 2566
833 -- 2429
833 -- 2206
834 -- 2652
834 -- 2572
834 -- 871
835 -- 2465
835 -- 1789
836 -- 1378
836 -- 2066
836 -- 917
837 -- 2424
837 -- 1664
837 -- 1731
837 -- 903
838 -- 2116
838 -- 2817
838 -- 2535
839 -- 2370
840 -- 1849
841 -- 1346
841 -- 1315
842 -- 1628
842 -- 998
843 -- 1976
843 -- 2991
844 -- 2048
844 -- 2397
845 -- 1946
845 -- 1955
845 -- 2495
846 -- 2597
847 -- 2747
848 -- 2873
849 -- 1323
849 -- 2906
850 -- 2952
850 -- 1997
850 -- 1806
852 -- 1049
852 -- 2653
852 -- 2647
853 -- 1400
853 -- 2456
853 -- 1946
853 -- 1725
854 -- 1552
854 -- 1841
854 -- 1011
855 -- 1256
855 -- 1736
856 -- 2375
857 -- 2933
859 -- 2200
859 -- 1979
860 -- 2752
860 -- 1802
860 -- 2740
861 -- 2913
861 -- 1044
861 -- 884
861 -- 1754
862 -- 1461
864 -- 1201
864 -- 2275
864 -- 919
865 -- 2953
865 -- 2923
865 -- 1606
865 -- 1379
867 -- 2435
867 -- 1447
868 -- 2297
869 -- 2266
869 -- 2454
870 -- 1305
870 -- 2070
871 -- 2585
871 -- 2249
872 -- 2884
872 -- 2890
872 -- 2489
872 -- 1562
873 -- 2610
873 -- 2749
874 -- 1833
874 -- 1354
874 -- 2621
875 -- 1409
875 -- 957
875 -- 1934
876 -- 1107
879 -- 1153
879 -- 2385
879 -- 2263
880 -- 1637
880 -- 2406
881 -- 2340
881 -- 1126
881 -- 1886
881 -- 1791
882 -- 1859
883 -- 2112
884 -- 1937
884 -- 2796
884 -- 1302
885 -- 1585
885 -- 1066
885 -- 2785
886 -- 2474
888 -- 1738
888 -- 1133
889 -- 899
889 -- 1476
889 -- 2611
889 -- 2163
889 -- 1406
890 -- 2770
891 -- 2120
891 -- 2324
891 -- 1349
891 -- 1559
892 -- 2507
893 -- 1411
894 -- 2231
894 -- 2061
894 -- 2517
895 -- 2388
895 -- 2317
896 -- 1706
896 -- 1858
896 -- 2029
897 -- 2271
898 -- 1974
899 -- 1058
899 -- 1724
900 -- 2234
901 -- 1384
901 -- 1498
901 -- 1415
901 -- 959
902 -- 1728
902 -- 2426
903 -- 1226
903 -- 2436
904 -- 1392
904 -- 1259
904 -- 1837
904 -- 1847
905 -- 1400
906 -- 1400
906 -- 1218
906 -- 2588
907 -- 1780
907 -- 2870
907 -- 1113
907 -- 1658
907 -- 2267
908 -- 1498
908 -- 2532
910 -- 1164
911 -- 1234
911 -- 2379
911 -- 1868
912 -- 2992
913 -- 1264
913 -- 2282
914 -- 1611
915 -- 2075
915 -- 2244
916 -- 1745
916 -- 1922
916 -- 1852
917 -- 1842
917 -- 1988
919 -- 2364
919 -- 1622
920 -- 1073
920 -- 2676
920 -- 1527
921 -- 2416
921 -- 2098
922 -- 1063
923 -- 1296
923 -- 1505
923 -- 1729
924 -- 1209
924 -- 2874
924 -- 1931
924 -- 2453
924 -- 2278
926 -- 1729
926 -- 2471
927 -- 2448
927 -- 2243
927 -- 2349
928 -- 1441
928 -- 2277
928 -- 2311
929 -- 2957
930 -- 1975
931 -- 2305
931 -- 2223
932 -- 2537
933 -- 2578
933 -- 1331
934 -- 2541
935 -- 2112
936 -- 2120
936 -- 1596
936 -- 2248
936 -- 1972
936 -- 1653
936 -- 1628
937 -- 2732
937 -- 2684
938 -- 1196
939 -- 1617
939 -- 2005
940 -- 1097
940 -- 1643
941 -- 1509
942 -- 1228
943 -- 1297
943 -- 1788
943 -- 2269
944 -- 1768
944 -- 2009
944 -- 1130
945 -- 1927
945 -- 2116
945 -- 1893
946 -- 1061
946 -- 2447
947 -- 2370
947 -- 1873
947 -- 1500
947 -- 2078
948 -- 1125
949 -- 2745
950 -- 1351
950 -- 2582
950 -- 2335
951 -- 2475
953 -- 1863
953 -- 2121
953 -- 2022
953 -- 1239
954 -- 2696
954 -- 2168
954 -- 1491
955 -- 1226
955 -- 2525
956 -- 1921
956 -- 1284
956 -- 2684
956 -- 2910
957 -- 2274
958 -- 2200
958 -- 1598
960 -- 1894
962 -- 1193
962 -- 1171
963 -- 2963
964 -- 1576
965 -- 2822
965 -- 2054
965 -- 1895
965 -- 1128
965 -- 1554
966 -- 1136
966 -- 2401
966 -- 1341
967 -- 1923
967 -- 2007
968 -- 1329
968 -- 2870
968 -- 1183
969 -- 1529
969 -- 2131
969 -- 2398
969 -- 1447
970 -- 2592
970 -- 2523
970 -- 1550
970 -- 2079
971 -- 2278
971 -- 1534
971 -- 1335
973 -- 2499
973 -- 2950
973 -- 1258
973 -- 2653
973 -- 1844
974 -- 1297
974 -- 2857
975 -- 1323
975 -- 2276
976 -- 2384
976 -- 2275
977 -- 1640
978 -- 2224
978 -- 2769
978 -- 2021
978 -- 1813
979 -- 2276
979 -- 1254
981 -- 1634
981 -- 1609
981 -- 1110
981 -- 2537
981 -- 2623
982 -- 1576
982 -- 1954
982 -- 1724
983 -- 1450
983 -- 2292
983 -- 2685
983 -- 2078
984 -- 1891
984 -- 2885
984 -- 1867
984 -- 2897
984 -- 2514
984 -- 1910
986 -- 2353
986 -- 2393
986 -- 2041
986 -- 1853
987 -- 2031
988 -- 1979
989 -- 1134
990 -- 2124
990 -- 1705
991 -- 1193
991 -- 1859
991 -- 1315
992 -- 2020
992 -- 1388
992 -- 1909
992 -- 2012
993 -- 1762
993 -- 2523
993 -- 2532
994 -- 2668
994 -- 2079
995 -- 2160
995 -- 2251
995 -- 1852
995 -- 2813
996 -- 1352
996 -- 1806
997 -- 1877
997 -- 1854
997 -- 2911
998 -- 2328
999 -- 1809
1000 -- 1457
1000 -- 2387
1000 -- 1422
1001 -- 2800
1001 -- 2201
1001 -- 1865
1002 -- 1740
1002 -- 2302
1004 -- 2210
1004 -- 2828
1004 -- 2991
1005 -- 2944
1005 -- 2195
1006 -- 1826
1006 -- 1118
1006 -- 2527
1007 -- 2811
1007 -- 2797
1007 -- 2637
1008 -- 2811
1009 -- 1735
1009 -- 2455
1009 -- 2607
1011 -- 2428
1011 -- 1926
1012 -- 2671
1013 -- 2072
1013 -- 1880
1013 -- 1533
1014 -- 1296
1014 -- 2826
1014 -- 2908
1015 -- 1585
1015 -- 2203
1016 -- 1168
1016 -- 2289
1017 -- 2405
1019 -- 2694
1019 -- 2549
1020 -- 2293
1020 -- 1878
1021 -- 1529
1022 -- 1148
1023 -- 1128
1023 -- 1700
1024 -- 2865
1024 -- 1236
1025 -- 2399
1025 -- 2525
1026 -- 2065
1027 -- 1112
1027 -- 2868
1027 -- 1175
1028 -- 2465
1028 -- 2490
1028 -- 1373
1029 -- 1348
1030 -- 1688
1030 -- 1049
1031 -- 1289
1031 -- 2643
1033 -- 2645
1034 -- 1234
1034 -- 2693
1035 -- 2857
1036 -- 1871
1036 -- 1357
1037 -- 2596
1038 -- 2883
1038 -- 2952
1038 -- 2765
1038 -- 1998
1038 -- 2844
1040 -- 1240
1040 -- 1596
1040 -- 2807
1041 -- 1687
1042 -- 2840
1042 -- 2818
1044 -- 2393
1044 -- 2250
1044 -- 2555
1045 -- 2308
1045 -- 2047
1048 -- 2019
1048 -- 2760
1048 -- 2345
1048 -- 2284
1048 -- 1321
1048 -- 1500
1048 -- 2173
1049 -- 1455
1049 -- 1744
1049 -- 2776
1049 -- 2649
1049 -- 2351
1050 -- 2491
1050 -- 2996
1051 -- 1368
1051 -- 2271
1052 -- 2555
1052 -- 1597
1053 -- 1536
1053 -- 1713
1053 -- 2845
1054 -- 1593
1054 -- 1514
1055 -- 2977
1056 -- 2020
1056 -- 2589
1056 -- 2766
1057 -- 1633
1057 -- 2430
1057 -- 2831
1058 -- 2245
1058 -- 2543
1059 -- 1579
1059 -- 2855
1060 -- 2711
1060 -- 1293
1060 -- 2103
1061 -- 2778
1061 -- 1409
1063 -- 2128
1063 -- 2249
1064 -- 1779
1064 -- 2293
1064 -- 2025
1065 -- 1852
1065 -- 2790
1066 -- 2019
1066 -- 1452
1066 -- 2540
1066 -- 1784
1067 -- 1893
1068 -- 2231
1068 -- 1615
1069 -- 2120
1070 -- 1816
1070 -- 1148
1070 -- 1686
1071 -- 2542
1071 -- 1746
1071 -- 1690
1071 -- 1982
1072 -- 2010
1073 -- 2434
1073 -- 2119
1073 -- 2874
1074 -- 1956
1074 -- 2250
1074 -- 2509
1074 -- 2733
1074 -- 2202
1075 -- 1624
1075 -- 1813
1075 -- 1590
1075 -- 2847
1076 -- 1998
1077 -- 2205
1077 -- 1442
1077 -- 1578
1077 -- 2637
1078 -- 2275
1079 -- 2339
1079 -- 1325
1080 -- 2089
1080 -- 1891
1080 -- 1699
1080 -- 2175
1081 -- 1472
1081 -- 1602
1081 -- 2299
1081 -- 2707
1081 -- 1398
1082 -- 2366
1083 -- 2129
1083 -- 2850
1083 -- 2319
1083 -- 2479
1084 -- 1945
1085 -- 1144
1085 -- 1552
1085 -- 2163
1086 -- 1246
1087 -- 1997
1088 -- 1809
1088 -- 2206
1089 -- 1675
1089 -- 1170
1089 -- 2709
1090 -- 2650
1090 -- 2543
1091 -- 1553
1091 -- 1804
1091 -- 1705
1092 -- 2540
1094 -- 2114
1094 -- 1765
1095 -- 1786
1095 -- 1955
1096 -- 2712
1096 -- 1362
1096 -- 1911
1097 -- 1728
1098 -- 1397
1099 -- 2757
1099 -- 1654
1100 -- 2451
1101 -- 2293
1102 -- 1313
1102 -- 1290
1103 -- 2971
1105 -- 1536
1106 -- 2712
1106 -- 2563
1106 -- 2204
1107 -- 1256
1107 -- 1116
1107 -- 2826
1108 -- 2514
1109 -- 1963
1110 -- 1754
1111 -- 1312
1111 -- 1807
1112 -- 2336
1113 -- 2572
1114 -- 2044
1114 -- 2087
1115 -- 2099
1115 -- 2173
1117 -- 2892
1117 -- 1267
1118 -- 1811
1118 -- 1501
1119 -- 1976
1120 -- 1428
1120 -- 1150
1121 -- 2897
1123 -- 2449
1123 -- 2295
1124 -- 2873
1124 -- 1253
1124 -- 1799
1125 -- 1225
1125 -- 2907
1125 -- 2684
1125 -- 2543
1126 -- 2504
1126 -- 2413
1126 -- 2094
1127 -- 2944
1127 -- 2292
1127 -- 2477
1128 -- 2050
1128 -- 2390
1128 -- 2711
1128 -- 1925
1129 -- 2032
1129 -- 2202
1129 -- 2803
1129 -- 2357
1129 -- 2247
1130 -- 1865
1130 -- 1870
1130 -- 2575
1131 -- 2800
1131 -- 1360
1131 -- 2569
1132 -- 1506
1132 -- 1667
1133 -- 2715
1134 -- 2753
1134 -- 1612
1134 -- 2828
1134 -- 1166
1134 -- 2931
1134 -- 1557
1134 -- 1304
1136 -- 1902
1136 -- 2418
1136 -- 2389
1137 -- 2967
1137 -- 1948
1137 -- 2622
1139 -- 2040
1139 -- 2696
1139 -- 2911
1140 -- 1537
1140 -- 1631
1141 -- 2639
1141 -- 2911
1142 -- 2506
1142 -- 2052
1146 -- 2208
1146 -- 2748
1146 -- 2331
1147 -- 2748
1147 -- 2175
1148 -- 2662
1149 -- 2582
1149 -- 2231
1150 -- 2272
1150 -- 2223
1151 -- 1719
1152 -- 1362
1152 -- 2173
1152 -- 1326
1152 -- 2565
1153 -- 1374
1154 -- 2901
1155 -- 1587
1155 -- 2726
1156 -- 2288
1156 -- 2693
1160 -- 2500
1160 -- 1841
1161 -- 2292
1161 -- 1454
1162 -- 1570
1162 -- 2542
1163 -- 2475
1163 -- 2229
1164 -- 2550
1165 -- 2986
1165 -- 1522
1165 -- 2708
1165 -- 1718
1165 -- 2558
1166 -- 2665
1167 -- 2081
1167 -- 2254
1167 -- 2735
1167 -- 2800
1167 -- 2359
1167 -- 2009
1167 -- 2427
1168 -- 1193
1168 -- 1775
1168 -- 1254
1168 -- 2191
1169 -- 2848
1170 -- 2539
1170 -- 2641
1171 -- 1521
1172 -- 2128
1173 -- 2825
1173 -- 2967
1175 -- 2864
1175 -- 2581
1176 -- 1944
1176 -- 2268
1176 -- 1858
1176 -- 1916
1177 -- 2744
1177 -- 2667
1177 -- 2596
1178 -- 2992
1178 -- 1319
1179 -- 1293
1180 -- 1213
1180 -- 2022
1183 -- 1717
1183 -- 2206
1183 -- 2367
1184 -- 1915
1184 -- 2423
1185 -- 1526
1186 -- 2625
1186 -- 2724
1187 -- 2380
1187 -- 1447
1188 -- 2435
1188 -- 1447
1189 -- 1582
1191 -- 1933
1191 -- 1198
1191 -- 1703
1192 -- 2145
1193 -- 2949
1193 -- 2830
1193 -- 2143
1194 -- 2019
1194 -- 1630
1195 -- 2381
1195 -- 1294
1195 -- 1559
1196 -- 2413
1196 -- 1341
1196 -- 2326
1196 -- 2399
1198 -- 2346
1199 -- 2957
1200 -- 2543
1200 -- 1210
1202 -- 2250
1203 -- 1645
1204 -- 1717
1205 -- 1818
1206 -- 1496
1206 -- 1320
1206 -- 1403
1207 -- 2684
1209 -- 1797
1210 -- 2313
1210 -- 1894
1211 -- 2807
1213 -- 2397
1213 -- 1581
1213 -- 2247
1214 -- 2762
1215 -- 2337
1216 -- 2497
1216 -- 1763
1217 -- 2588
1218 -- 1455
1218 -- 2598
1219 -- 2035
1220 -- 1668
1221 -- 1293
1222 -- 2755
1223 -- 2585
1223 -- 1718
1224 -- 1724
1224 -- 2422
1225 -- 2300
1226 -- 2830
1226 -- 1903
1226 -- 2967
1228 -- 1494
1229 -- 2016
1231 -- 1534
1232 -- 2515
1233 -- 1285
1235 -- 1535
1237 -- 2619
1237 -- 1445
1237 -- 2423
1238 -- 1850
1238 -- 2836
1238 -- 2382
1239 -- 1621
1239 -- 2167
1240 -- 1687
1241 -- 2682
1241 -- 2405
1242 -- 2739
1243 -- 2744
1243 -- 2977
1243 -- 1638
1243 -- 2662
1244 -- 2924
1245 -- 1869
1246 -- 1828
1246 -- 1361
1246 -- 2873
1247 -- 1621
1247 -- 1913
1247 -- 1628
1247 -- 2557
1248 -- 2230
1248 -- 2574
1248 -- 1581
1250 -- 2503
1251 -- 1490
1252 -- 2039
1253 -- 1390
1253 -- 2644
1254 -- 2127
1254 -- 2037
1255 -- 1871
1256 -- 2049
1257 -- 1848
1257 -- 2666
1258 -- 1434
1259 -- 2752
1260 -- 2973
1261 -- 1304
1261 -- 1978
1261 -- 1910
1262 -- 1952
1262 -- 1457
1263 -- 2443
1264 -- 2985
1264 -- 2065
1264 -- 1853
1264 -- 1470
1266 -- 1514
1266 -- 2834
1266 -- 1700
1266 -- 2093
1269 -- 1881
1270 -- 2532
1270 -- 1375
1271 -- 1651
1271 -- 1662
1272 -- 2497
1273 -- 2504
1273 -- 1761
1273 -- 2890
1273 -- 2491
1273 -- 2779
1274 -- 1602
1274 -- 2468
1274 -- 2862
1275 -- 2970
1275 -- 1755
1275 -- 2310
1275 -- 1838
1276 -- 1976
1276 -- 1483
1277 -- 2678
1278 -- 2504
1278 -- 1717
1278 -- 2271
1278 -- 1724
1278 -- 1725
1279 -- 2022
1280 -- 1507
1280 -- 2218
1280 -- 2220
1280 -- 2648
1280 -- 2622
1280 -- 2239
1281 -- 2152
1281 -- 1490
1283 -- 2401
1283 -- 1390
1284 -- 2185
1284 -- 1324
1284 -- 1910
1287 -- 1764
1288 -- 1988
1289 -- 2479
1290 -- 1491
1291 -- 2654
1291 -- 2679
1292 -- 2325
1293 -- 1477
1294 -- 1489
1295 -- 2916
1296 -- 1780
1297 -- 2532
1298 -- 1346
1298 -- 2215
1299 -- 1620
1299 -- 1910
1299 -- 2782
1303 -- 1935
1305 -- 2624
1305 -- 1622
1306 -- 1665
1306 -- 1863
1306 -- 2643
1306 -- 1363
1306 -- 1564
1307 -- 1967
1308 -- 1544
1308 -- 1361
1309 -- 1414
1309 -- 1503
1310 -- 2535
1312 -- 1784
1313 -- 1441
1313 -- 1457
1313 -- 1396
1313 -- 1333
1314 -- 1516
1314 -- 1986
1314 -- 2307
1314 -- 2092
1315 -- 1449
1315 -- 1516
1315 -- 1754
1316 -- 2483
1316 -- 2967
1317 -- 1484
1320 -- 2040
1320 -- 2284
1320 -- 1669
1321 -- 1604
1321 -- 2077
1322 -- 1518
1323 -- 2120
1323 -- 1638
1324 -- 1339
1324 -- 2610
1324 -- 1907
1325 -- 2226
1325 -- 1807
1325 -- 1850
1326 -- 2535
1326 -- 1642
1326 -- 2319
1328 -- 1472
1328 -- 1426
1332 -- 2129
1332 -- 2443
1333 -- 2626
1333 -- 1362
1333 -- 2613
1334 -- 2067
1334 -- 2716
1335 -- 1592
1335 -- 2400
1335 -- 2578
1336 -- 2084
1337 -- 2817
1337 -- 1435
1338 -- 1545
1338 -- 2273
1338 -- 2165
1338 -- 1525
1339 -- 1665
1339 -- 1879
1340 -- 2141
1341 -- 1380
1342 -- 1354
1342 -- 1883
1342 -- 1428
1342 -- 2263
1343 -- 1806
1343 -- 2575
1344 -- 1639
1345 -- 1757
1346 -- 2481
1346 -- 2815
1347 -- 2378
1347 -- 1533
1347 -- 1534
1348 -- 1438
1348 -- 1790
1350 -- 1972
1350 -- 2030
1351 -- 1860
1351 -- 2310
1351 -- 2615
1352 -- 1648
1352 -- 2325
1353 -- 2200
1353 -- 1409
1353 -- 2113
1354 -- 1783
1356 -- 1659
1357 -- 2533
1358 -- 1548
1358 -- 2694
1359 -- 2586
1360 -- 2763
1360 -- 2749
1361 -- 1830
1361 -- 2855
1361 -- 2989
1361 -- 2845
1362 -- 2945
1362 -- 1842
1362 -- 1971
1362 -- 1625
1363 -- 1858
1364 -- 2160
1364 -- 2876
1364 -- 2318
1365 -- 2586
1367 -- 1385
1367 -- 2179
1367 -- 2727
1368 -- 2355
1368 -- 2444
1369 -- 1515
1370 -- 1446
1371 -- 1606
1371 -- 2158
1372 -- 1797
1373 -- 2632
1374 -- 2304
1374 -- 2430
1375 -- 1966
1377 -- 2398
1377 -- 2383
1379 -- 2502
1379 -- 1591
1379 -- 2675
1379 -- 1879
1380 -- 2016
1380 -- 1953
1380 -- 2379
1380 -- 1710
1380 -- 2642
1383 -- 2581
1384 -- 1601
1384 -- 2343
1384 -- 1622
1384 -- 1660
1384 -- 1503
1385 -- 2146
1390 -- 2124
1391 -- 2683
1392 -- 2325
1392 -- 1806
1393 -- 2650
1393 -- 2843
1393 -- 2950
1394 -- 1580
1394 -- 2503
1395 -- 1722
1395 -- 1765
1397 -- 2112
1397 -- 2049
1398 -- 1762
1399 -- 2532
1400 -- 2903
1400 -- 1596
1401 -- 2054
1401 -- 2607
1402 -- 1860
1402 -- 1612
1402 -- 2031
1402 -- 2524
1403 -- 2786
1403 -- 1415
1403 -- 1448
1403 -- 2291
1404 -- 2738
1405 -- 2990
1406 -- 2352
1406 -- 1545
1406 -- 2790
1406 -- 2447
1408 -- 2749
1411 -- 2324
1412 -- 2224
1413 -- 2408
1413 -- 2531
1413 -- 2060
1413 -- 1526
1414 -- 2833
1414 -- 2510
1415 -- 2464
1416 -- 2977
1416 -- 2738
1417 -- 1963
1418 -- 2098
1418 -- 2035
1419 -- 2791
1420 -- 2435
1420 -- 2491
1421 -- 2197
1421 -- 1990
1422 -- 2472
1422 -- 1930
1422 -- 1803
1422 -- 2238
1424 -- 2208
1424 -- 2642
1424 -- 1791
1424 -- 1687
1425 -- 2762
1425 -- 2034
1427 -- 2101
1428 -- 2050
1428 -- 2052
1429 -- 2928
1429 -- 2113
1429 -- 2187
1429 -- 2188
1430 -- 2195
1431 -- 2370
1431 -- 2755
1431 -- 2368
1432 -- 1764
1432 -- 2978
1433 -- 1819
1434 -- 2088
1434 -- 2537
1434 -- 1597
1435 -- 2824
1438 -- 1794
1439 -- 2393
1439 -- 2618
1441 -- 1638
1441 -- 2550
1442 -- 1641
1443 -- 1748
1444 -- 2665
1444 -- 2998
1445 -- 2503
1446 -- 2284
1447 -- 2093
1447 -- 1498
1448 -- 2601
1448 -- 2954
1449 -- 1464
1450 -- 2705
1450 -- 2970
1451 -- 2697
1453 -- 1521
1453 -- 2140
1454 -- 1963
1454 -- 1519
1455 -- 1912
1457 -- 2622
1458 -- 2632
1458 -- 2024
1458 -- 2555
1458 -- 2572
1458 -- 1787
1461 -- 1492
1462 -- 2363
1463 -- 1492
1463 -- 2670
1465 -- 2521
1465 -- 2430
1466 -- 2665
1466 -- 2590
1467 -- 2797
1468 -- 1945
1468 -- 2182
1469 -- 1672
1471 -- 2768
1471 -- 2593
1472 -- 1933
1472 -- 2957
1473 -- 1806
1474 -- 2728
1474 -- 2243
1474 -- 2019
1475 -- 2914
1475 -- 2269
1476 -- 2323
1476 -- 1580
1476 -- 2491
1477 -- 1623
1478 -- 1613
1478 -- 2046
1479 -- 2185
1479 -- 2910
1480 -- 1526
1480 -- 1865
1481 -- 2482
1481 -- 1883
1481 -- 2251
1483 -- 2754
1483 -- 2931
1484 -- 1617
1485 -- 2461
1487 -- 2002
1487 -- 1534
1488 -- 1540
1488 -- 2532
1488 -- 2878
1489 -- 1872
1489 -- 1835
1489 -- 2829
1490 -- 1794
1490 -- 2580
1490 -- 2910
1491 -- 2530
1491 -- 1704
1491 -- 2602
1491 -- 1595
1492 -- 2081
1492 -- 2277
1493 -- 1886
1494 -- 2179
1494 -- 1613
1494 -- 1791
1495 -- 2178
1495 -- 2327
1496 -- 2875
1498 -- 2954
1498 -- 1649
1499 -- 2537
1500 -- 1575
1500 -- 2768
1500 -- 2709
1500 -- 1878
1500 -- 2878
1501 -- 1563
1502 -- 2173
1502 -- 1917
1505 -- 2220
1505 -- 2037
1506 -- 2323
1506 -- 1733
1507 -- 2538
1508 -- 2580
1510 -- 2525
1511 -- 2144
1511 -- 2598
1512 -- 2124
1513 -- 2260
1514 -- 1832
1514 -- 2665
1514 -- 1640
1514 -- 1908
1515 -- 2058
1515 -- 2450
1515 -- 2094
1515 -- 2866
1515 -- 2965
1516 -- 1736
1516 -- 2392
1516 -- 1884
1516 -- 1694
1517 -- 2378
1519 -- 2602
1520 -- 2828
1520 -- 2966
1521 -- 1556
1521 -- 2903
1521 -- 2783
1521 -- 1855
1523 -- 1628
1525 -- 2339
1525 -- 2925
1526 -- 2372
1527 -- 2687
1528 -- 2706
1531 -- 2712
1531 -- 2033
1531 -- 2926
1533 -- 1766
1533 -- 2958
1533 -- 2552
1535 -- 2409
1536 -- 2873
1537 -- 2099
1537 -- 2271
1538 -- 1569
1538 -- 2028
1538 -- 2989
1538 -- 2769
1539 -- 2028
1539 -- 2902
1540 -- 2893
1540 -- 2502
1541 -- 2809
1541 -- 2349
1542 -- 2520
1542 -- 2601
1542 -- 2243
1543 -- 2817
1543 -- 2723
1544 -- 2075
1544 -- 1667
1544 -- 1894
1545 -- 2778
1545 -- 1730
1546 -- 1857
1546 -- 1846
1548 -- 2856
1548 -- 1811
1548 -- 2068
1551 -- 1938
1551 -- 2644
1551 -- 2511
1552 -- 2483
1552 -- 2869
1552 -- 2138
1553 -- 1869
1553 -- 2654
1553 -- 1958
1555 -- 1894
1556 -- 2795
1556 -- 2461
1556 -- 2710
1556 -- 1877
1557 -- 2296
1557 -- 1698
1558 -- 2811
1558 -- 1721
1559 -- 2801
1559 -- 2398
1560 -- 1983
1561 -- 2502
1562 -- 2316
1563 -- 2325
1564 -- 1587
1564 -- 2975
1567 -- 2755
1567 -- 2621
1568 -- 1819
1568 -- 2811
1568 -- 1860
1568 -- 2375
1570 -- 2088
1570 -- 2069
1570 -- 2970
1570 -- 2844
1571 -- 1690
1572 -- 2265
1573 -- 1866
1574 -- 2894
1574 -- 2302
1575 -- 2443
1578 -- 2049
1579 -- 1980
1579 -- 2565
1580 -- 2406
1580 -- 2027
1581 -- 2724
1581 -- 1671
1581 -- 2170
1582 -- 2096
1583 -- 2657
1584 -- 1590
1586 -- 2064
1586 -- 1940
1587 -- 2275
1588 -- 1951
1589 -- 2266
1590 -- 2879
1591 -- 1924
1592 -- 2768
1592 -- 2804
1593 -- 2921
1593 -- 2468
1593 -- 2685
1594 -- 1822
1594 -- 2310
1595 -- 2927
1596 -- 2464
1596 -- 1670
1596 -- 2382
1596 -- 2071
1596 -- 2714
1599 -- 2208
1600 -- 2748
1601 -- 2218
1602 -- 2247
1602 -- 1909
1603 -- 1639
1604 -- 2098
1604 -- 2172
1604 -- 2753
1604 -- 1697
1606 -- 2541
1606 -- 2224
1606 -- 2771
1606 -- 1786
1607 -- 2881
1608 -- 2146
1609 -- 2660
1610 -- 2034
1610 -- 1723
1611 -- 2124
1612 -- 1798
1612 -- 1864
1612 -- 2249
1613 -- 2793
1614 -- 2609
1616 -- 2090
1618 -- 2344
1619 -- 2075
1620 -- 2132
1621 -- 1992
1621 -- 2827
1621 -- 1941
1622 -- 2335
1623 -- 2440
1626 -- 1638
1627 -- 1808
1627 -- 2319
1628 -- 1849
1629 -- 2788
1629 -- 2468
1630 -- 2533
1630 -- 2901
1630 -- 2938
1631 -- 2442
1632 -- 2393
1632 -- 2204
1632 -- 2620
1633 -- 2055
1633 -- 1878
1633 -- 2748
1634 -- 1922
1634 -- 1814
1635 -- 2005
1636 -- 2236
1637 -- 1745
1637 -- 2916
1638 -- 2460
1640 -- 2625
1640 -- 2591
1642 -- 2195
1644 -- 2569
1644 -- 1838
1645 -- 2272
1645 -- 2701
1645 -- 2586
1647 -- 2583
1649 -- 2742
1649 -- 1870
1651 -- 2325
1655 -- 2064
1655 -- 2814
1657 -- 2212
1657 -- 2470
1658 -- 1896
1660 -- 2754
1660 -- 2029
1662 -- 2666
1663 -- 2719
1664 -- 2886
1664 -- 1679
1664 -- 2559
1665 -- 2345
1669 -- 2280
1669 -- 2186
1669 -- 2619
1671 -- 2535
1672 -- 1816
1674 -- 2729
1674 -- 2325
1675 -- 2784
1675 -- 2180
1677 -- 2073
1677 -- 1940
1677 -- 2647
1678 -- 2395
1678 -- 2204
1679 -- 2678
1680 -- 2061
1680 -- 2151
1681 -- 2160
1681 -- 1806
1682 -- 2198
1682 -- 2022
1683 -- 1794
1683 -- 2612
1683 -- 2966
1683 -- 2619
1685 -- 1985
1685 -- 1738
1688 -- 2784
1690 -- 2930
1691 -- 1802
1692 -- 1799
1693 -- 2218
1693 -- 2798
1694 -- 1696
1694 -- 2321
1695 -- 2586
1695 -- 2809
1696 -- 2574
1697 -- 2257
1697 -- 2003
1698 -- 2529
1699 -- 2848
1699 -- 2232
1699 -- 2168
1701 -- 2206
1702 -- 2324
1704 -- 2172
1704 -- 1837
1704 -- 2446
1705 -- 2792
1707 -- 1745
1707 -- 2605
1708 -- 1794
1709 -- 2236
1709 -- 2023
1711 -- 1818
1712 -- 1954
1712 -- 1886
1713 -- 2787
1714 -- 2521
1714 -- 2877
1714 -- 2062
1714 -- 1927
1715 -- 1858
1715 -- 2283
1715 -- 2667
1715 -- 1847
1716 -- 2026
1717 -- 2745
1718 -- 1887
1719 -- 1991
1721 -- 2624
1721 -- 2971
1721 -- 2887
1722 -- 2490
1724 -- 1808
1724 -- 2225
1725 -- 1832
1725 -- 2249
1725 -- 2698
1725 -- 2220
1728 -- 2250
1730 -- 2405
1734 -- 2425
1737 -- 2089
1737 -- 2980
1737 -- 2325
1737 -- 2993
1739 -- 1988
1740 -- 2319
1741 -- 2192
1741 -- 2808
1743 -- 2232
1743 -- 2540
1743 -- 2479
1745 -- 2897
1748 -- 1792
1748 -- 2027
1750 -- 1986
1750 -- 2303
1752 -- 2529
1752 -- 2439
1753 -- 2823
1753 -- 1841
1753 -- 2834
1753 -- 2455
1754 -- 2673
1754 -- 2077
1755 -- 2840
1755 -- 2037
1755 -- 2950
1759 -- 1817
1759 -- 2698
1760 -- 2857
1760 -- 2647
1761 -- 2017
1763 -- 1994
1763 -- 2595
1763 -- 2879
1764 -- 2611
1764 -- 2419
1764 -- 1887
1765 -- 1921
1765 -- 1872
1765 -- 2703
1766 -- 1825
1767 -- 2442
1768 -- 2119
1769 -- 1931
1769 -- 2718
1769 -- 2870
1771 -- 2080
1774 -- 2915
1775 -- 2259
1775 -- 2775
1776 -- 2441
1776 -- 2054
1776 -- 1990
1776 -- 2774
1777 -- 1898
1779 -- 2294
1779 -- 2134
1779 -- 2629
1780 -- 2130
1780 -- 2294
1784 -- 1893
1786 -- 2829
1787 -- 2923
1787 -- 2476
1788 -- 2616
1789 -- 2060
1790 -- 2654
1791 -- 2840
1792 -- 2208
1792 -- 2671
1795 -- 2623
1796 -- 2936
1796 -- 2185
1797 -- 2978
1798 -- 2306
1798 -- 2229
1798 -- 2662
1799 -- 2125
1802 -- 2454
1803 -- 2267
1804 -- 2540
1804 -- 2222
1805 -- 2624
1805 -- 2887
1806 -- 2375
1806 -- 2510
1806 -- 2300
1808 -- 2316
1808 -- 2973
1809 -- 2915
1809 -- 1896
1810 -- 2713
1810 -- 2445
1811 -- 2089
1816 -- 2279
1816 -- 2574
1816 -- 2227
1818 -- 1989
1819 -- 2444
1819 -- 2317
1820 -- 2892
1821 -- 2053
1822 -- 1971
1822 -- 2275
1824 -- 2113
1825 -- 2224
1826 -- 2697
1826 -- 1913
1826 -- 2014
1828 -- 2604
1829 -- 1904
1829 -- 2590
1829 -- 2990
1830 -- 1981
1830 -- 2582
1831 -- 2692
1834 -- 1842
1834 -- 2404
1835 -- 2353
1838 -- 2301
1839 -- 2204
1840 -- 2306
1842 -- 2827
1843 -- 2090
1843 -- 2846
1844 -- 2531
1844 -- 2151
1846 -- 2105
1846 -- 2525
1848 -- 2872
1849 -- 2500
1849 -- 2318
1849 -- 2046
1850 -- 1876
1850 -- 2397
1851 -- 2840
1852 -- 2416
1853 -- 2169
1855 -- 2473
1855 -- 1941
1859 -- 2479
1860 -- 2338
1861 -- 2832
1862 -- 2002
1863 -- 1988
1864 -- 2651
1864 -- 2487
1865 -- 2401
1865 -- 2241
1866 -- 2683
1866 -- 2588
1866 -- 2951
1867 -- 2285
1868 -- 2800
1870 -- 2226
1872 -- 2182
1874 -- 2551
1875 -- 2576
1875 -- 2210
1877 -- 2683
1878 -- 1916
1878 -- 1917
1879 -- 2331
1879 -- 2745
1879 -- 1884
1880 -- 2382
1881 -- 2706
1882 -- 2715
1884 -- 2565
1885 -- 2984
1887 -- 1984
1887 -- 1952
1887 -- 2632
1887 -- 2666
1888 -- 2594
1888 -- 2419
1888 -- 1949
1889 -- 2776
1889 -- 2929
1889 -- 2122
1890 -- 1976
1890 -- 2254
1890 -- 2077
1891 -- 2980
1891 -- 2253
1893 -- 2057
1894 -- 2581
1894 -- 1912
1895 -- 2203
1895 -- 2196
1896 -- 2467
1896 -- 1905
1897 -- 2363
1898 -- 2533
1898 -- 2250
1898 -- 2873
1899 -- 2674
1899 -- 2886
1901 -- 2473
1901 -- 2692
1901 -- 2286
1902 -- 2534
1903 -- 2537
1903 -- 2100
1904 -- 2097
1905 -- 2784
1906 -- 2080
1907 -- 2160
1908 -- 2969
1908 -- 2411
1908 -- 2046
1910 -- 2811
1911 -- 2267
1913 -- 2228
1913 -- 1938
1914 -- 2787
1915 -- 2843
1916 -- 2345
1917 -- 2141
1919 -- 2589
1920 -- 2258
1921 -- 2464
1922 -- 2357
1922 -- 2486
1924 -- 2396
1925 -- 2337
1927 -- 2311
1929 -- 2853
1931 -- 2347
1933 -- 2757
1933 -- 2911
1934 -- 2340
1935 -- 2219
1937 -- 2652
1937 -- 2017
1940 -- 2150
1941 -- 1950
1944 -- 2446
1944 -- 2183
1945 -- 2058
1945 -- 2108
1945 -- 2847
1946 -- 2375
1946 -- 2020
1948 -- 2942
1949 -- 2512
1950 -- 2028
1950 -- 2733
1951 -- 2762
1951 -- 2692
1953 -- 2988
1954 -- 2541
1955 -- 2890
1956 -- 2462
1958 -- 2184
1959 -- 2313
1959 -- 2965
1962 -- 1963
1962 -- 2695
1969 -- 2355
1969 -- 2957
1969 -- 2485
1970 -- 2064
1970 -- 2116
1970 -- 2853
1971 -- 2744
1971 -- 2842
1973 -- 2023
1974 -- 2098
1975 -- 2209
1979 -- 2110
1980 -- 2143
1983 -- 2610
1983 -- 2846
1985 -- 2182
1985 -- 2547
1985 -- 2335
1989 -- 2134
1990 -- 2042
1991 -- 2305
1992 -- 2132
1993 -- 2454
1994 -- 2414
1996 -- 2255
1996 -- 2127
1998 -- 2747
2003 -- 2571
2004 -- 2882
2005 -- 2116
2006 -- 2525
2006 -- 2486
2011 -- 2432
2012 -- 2698
2013 -- 2267
2015 -- 2583
2016 -- 2264
2016 -- 2288
2017 -- 2305
2017 -- 2680
2018 -- 2720
2019 -- 2801
2020 -- 2684
2022 -- 2466
2022 -- 2200
2025 -- 2492
2026 -- 2960
2026 -- 2930
2032 -- 2662
2033 -- 2517
2037 -- 2958
2039 -- 2587
2040 -- 2725
2040 -- 2853
2041 -- 2753
2043 -- 2393
2043 -- 2446
2044 -- 2367
2045 -- 2796
2045 -- 2891
2045 -- 2181
2046 -- 2822
2047 -- 2808
2049 -- 2780
2049 -- 2263
2050 -- 2251
2050 -- 2838
2052 -- 2971
2055 -- 2290
2055 -- 2354
2056 -- 2076
2057 -- 2452
2059 -- 2787
2059 -- 2223
2060 -- 2631
2062 -- 2121
2063 -- 2382
2067 -- 2120
2067 -- 2343
2068 -- 2915
2069 -- 2538
2069 -- 2851
2069 -- 2175
2071 -- 2964
2071 -- 2171
2073 -- 2487
2075 -- 2562
2078 -- 2131
2078 -- 2139
2087 -- 2195
2088 -- 2776
2088 -- 2382
2091 -- 2344
2092 -- 2575
2095 -- 2700
2095 -- 2226
2095 -- 2652
2096 -- 2712
2096 -- 2508
2097 -- 2548
2099 -- 2451
2100 -- 2869
2101 -- 2609
2102 -- 2485
2106 -- 2624
2106 -- 2793
2112 -- 2336
2114 -- 2627
2115 -- 2994
2117 -- 2391
2117 -- 2431
2119 -- 2456
2119 -- 2818
2120 -- 2123
2121 -- 2912
2121 -- 2764
2123 -- 2764
2124 -- 2250
2124 -- 2514
2125 -- 2553
2127 -- 2771
2128 -- 2138
2130 -- 2871
2131 -- 2884
2131 -- 2581
2132 -- 2372
2132 -- 2358
2132 -- 2950
2133 -- 2716
2134 -- 2754
2135 -- 2961
2135 -- 2317
2136 -- 2983
2138 -- 2776
2139 -- 2508
2139 -- 2261
2141 -- 2747
2144 -- 2788
2144 -- 2599
2147 -- 2205
2147 -- 2822
2148 -- 2978
2150 -- 2852
2150 -- 2519
2151 -- 2833
2152 -- 2175
2155 -- 2670
2157 -- 2769
2158 -- 2223
2160 -- 2478
2160 -- 2928
2161 -- 2759
2165 -- 2785
2165 -- 2358
2167 -- 2401
2169 -- 2840
2171 -- 2364
2172 -- 2602
2173 -- 2252
2173 -- 2718
2174 -- 2365
2174 -- 2893
2175 -- 2439
2176 -- 2857
2176 -- 2751
2180 -- 2607
2181 -- 2847
2182 -- 2445
2187 -- 2452
2188 -- 2402
2191 -- 2231
2192 -- 2977
2194 -- 2201
2194 -- 2803
2197 -- 2922
2198 -- 2784
2198 -- 2249
2198 -- 2802
2199 -- 2889
2200 -- 2370
2201 -- 2419
2202 -- 2800
2203 -- 2226
2203 -- 2251
2204 -- 2555
2205 -- 2271
2208 -- 2660
2209 -- 2435
2212 -- 2376
2212 -- 2266
2212 -- 2743
2215 -- 2466
2215 -- 2863
2220 -- 2242
2220 -- 2229
2221 -- 2594
2222 -- 2433
2224 -- 2385
2224 -- 2687
2228 -- 2945
2234 -- 2784
2235 -- 2269
2236 -- 2257
2236 -- 2470
2237 -- 2890
2237 -- 2643
2242 -- 2681
2243 -- 2780
2244 -- 2972
2245 -- 2341
2246 -- 2841
2248 -- 2273
2248 -- 2979
2249 -- 2275
2252 -- 2835
2252 -- 2296
2252 -- 2814
2253 -- 2595
2254 -- 2580
2255 -- 2863
2258 -- 2306
2258 -- 2580
2259 -- 2667
2259 -- 2879
2260 -- 2370
2263 -- 2771
2264 -- 2817
2265 -- 2391
2267 -- 2655
2269 -- 2461
2271 -- 2300
2276 -- 2375
2276 -- 2709
2280 -- 2660
2280 -- 2850
2280 -- 2300
2281 -- 2658
2283 -- 2549
2285 -- 2953
2285 -- 2767
2289 -- 2510
2290 -- 2745
2291 -- 2485
2292 -- 2852
2292 -- 2309
2294 -- 2425
2295 -- 2934
2296 -- 2952
2296 -- 2893
2297 -- 2882
2297 -- 2461
2299 -- 2928
2300 -- 2610
2304 -- 2344
2306 -- 2308
2310 -- 2465
2310 -- 2800
2311 -- 2423
2312 -- 2502
2313 -- 2580
2320 -- 2793
2321 -- 2700
2323 -- 2834
2324 -- 2470
2325 -- 2438
2328 -- 2445
2331 -- 2754
2331 -- 2728
2331 -- 2943
2333 -- 2631
2337 -- 2883
2339 -- 2922
2340 -- 2785
2340 -- 2964
2343 -- 2744
2343 -- 2389
2345 -- 2859
2351 -- 2998
2352 -- 2987
2353 -- 2924
2358 -- 2626
2359 -- 2553
2361 -- 2648
2362 -- 2458
2369 -- 2512
2371 -- 2767
2377 -- 2701
2378 -- 2599
2379 -- 2645
2380 -- 2805
2382 -- 2807
2382 -- 2747
2383 -- 2695
2384 -- 2587
2386 -- 2908
2389 -- 2564
2391 -- 2794
2395 -- 2722
2398 -- 2579
2399 -- 2982
2401 -- 2776
2403 -- 2858
2411 -- 2785
2417 -- 2884
2419 -- 2931
2419 -- 2745
2422 -- 2942
2424 -- 2786
2425 -- 2460
2429 -- 2958
2431 -- 2990
2432 -- 2967
2433 -- 2757
2435 -- 2918
2439 -- 2447
2442 -- 2957
2443 -- 2762
2444 -- 2513
2444 -- 2677
2446 -- 2505
2448 -- 2712
2452 -- 2883
2455 -- 2727
2457 -- 2833
2458 -- 2787
2458 -- 2911
2459 -- 2604
2461 -- 2526
2464 -- 2619
2465 -- 2873
2467 -- 2757
2468 -- 2675
2470 -- 2483
2474 -- 2692
2476 -- 2751
2478 -- 2698
2481 -- 2903
2482 -- 2884
2482 -- 2937
2483 -- 2942
2487 -- 2633
2488 -- 2809
2488 -- 2671
2490 -- 2935
2491 -- 2538
2495 -- 2912
2496 -- 2846
2501 -- 2821
2505 -- 2860
2506 -- 2844
2508 -- 2907
2508 -- 2862
2517 -- 2877
2521 -- 2926
2523 -- 2984
2524 -- 2989
2524 -- 2693
2525 -- 2559
2527 -- 2736
2528 -- 2936
2529 -- 2845
2530 -- 2723
2531 -- 2683
2537 -- 2596
2545 -- 2989
2547 -- 2887
2551 -- 2620
2554 -- 2685
2558 -- 2690
2562 -- 2627
2566 -- 2890
2566 -- 2981
2567 -- 2855
2568 -- 2862
2569 -- 2637
2571 -- 2814
2576 -- 2665
2582 -- 2847
2583 -- 2688
2584 -- 2824
2586 -- 2636
2587 -- 2689
2593 -- 2765
2595 -- 2871
2597 -- 2727
2598 -- 2617
2602 -- 2676
2604 -- 2616
2604 -- 2900
2606 -- 2618
2607 -- 2926
2611 -- 2698
2612 -- 2718
2613 -- 2643
2618 -- 2808
2620 -- 2966
2621 -- 2856
2624 -- 2807
2625 -- 2949
2626 -- 2984
2626 -- 2802
2628 -- 2878
2632 -- 2697
2633 -- 2812
2635 -- 2961
2637 -- 2755
2638 -- 2901
2642 -- 2952
2643 -- 2862
2646 -- 2763
2649 -- 2724
2649 -- 2900
2651 -- 2959
2658 -- 2738
2658 -- 2814
2671 -- 2726
2673 -- 2777
2675 -- 2883
2676 -- 2891
2678 -- 2813
2680 -- 2950
2681 -- 2819
2682 -- 2843
2685 -- 2774
2692 -- 2728
2697 -- 2856
2699 -- 2704
2699 -- 2779
2704 -- 2783
2705 -- 2727
2723 -- 2979
2727 -- 2762
2731 -- 2913
2736 -- 2849
2739 -- 2979
2743 -- 2930
2746 -- 2756
2749 -- 2987
2755 -- 2956
2764 -- 2852
2766 -- 2880
2768 -- 2915
2771 -- 2968
2774 -- 2960
2776 -- 2899
2776 -- 2998
2777 -- 2872
2780 -- 2791
2782 -- 2852
2790 -- 2851
2791 -- 2932
2793 -- 2905
2797 -- 2935
2806 -- 2843
2806 -- 2964
2806 -- 2923
2808 -- 2978
2809 -- 2867
2820 -- 2950
2826 -- 2843
2830 -- 2901
2833 -- 2992
2867 -- 2975
2868 -- 2941
2881 -- 2991
2886 -- 2934
2900 -- 2954
2910 -- 2947
2922 -- 2941
2941 -- 2991
2954 -- 2997
