1000 1500 100
0 1
0
1
2
3
4 *
5
6
7
8
9
10 *
11
12
13
14
15 *
16
17
18 *
19
20
21
22
23
24 *
25 *
26
27
28 *
29
30
31
32
33
34 *
35
36
37
38
39
40
41
42
43
44 *
45
46
47 *
48
49 *
50
51
52
53 *
54
55 *
56
57
58
59
60
61
62
63
64
65
66
67
68
69
70
71
72
73
74 *
75
76
77
78
79
80
81
82
83
84
85
86 *
87
88
89
90 *
91
92
93
94
95
96
97
98
99
100
101
102
103
104
105
106 *
107
108
109
110
111
112
113
114
115
116
117 *
118
119
120 *
121 *
122
123 *
124 *
125
126
127
128
129
130
131
132 *
133
134
135
136
137
138
139
140
141
142
143
144
145
146
147
148
149
150
151
152
153
154
155
156
157
158
159
160
161
162
163
164
165
166
167
168
169 *
170
171
172
173
174
175 *
176
177
178
179
180
181
182
183
184
185
186
187
188 *
189
190
191
192 *
193 *
194
195
196
197
198 *
199
200
201
202
203
204
205
206
207
208
209
210
211
212
213
214
215
216
217
218 *
219
220
221
222
223
224
225
226
227
228 *
229
230 *
231
232
233
234
235
236
237
238
239
240
241
242
243
244 *
245
246
247
248
249 *
250
251
252
253
254
255
256
257
258
259
260
261
262 *
263
264
265
266
267
268
269 *
270
271
272
273
274 *
275
276
277
278
279
280
281
282
283
284
285
286
287
288
289
290
291
292
293
294
295
296
297
298
299
300
301
302
303 *
304
305 *
306
307
308
309
310 *
311 *
312
313
314
315
316
317
318
319
320
321
322 *
323
324
325
326
327
328
329
330
331
332
333
334
335
336
337 *
338
339
340
341
342
343
344 *
345
346
347
348
349
350
351
352
353
354
355
356
357
358
359
360
361
362
363
364
365 *
366
367
368
369
370
371
372
373
374
375
376
377
378
379
380
381
382
383
384
385
386
387
388
389
390
391
392
393
394
395
396
397
398
399
400
401
402
403
404
405
406
407
408
409 *
410
411
412
413
414
415
416
417 *
418
419
420
421
422
423
424
425
426
427 *
428
429
430
431
432
433
434 *
435
436
437
438
439
440
441
442
443
444
445
446
447
448
449
450
451
452
453
454
455
456
457
458
459
460
461
462 *
463
464
465
466
467
468
469
470
471
472
473 *
474
475
476
477
478
479
480
481 *
482
483
484
485
486
487
488
489
490
491
492
493
494
495
496
497
498
499
500
501
502
503
504
505
506
507
508
509
510
511
512
513 *
514
515
516
517
518
519
520
521
522
523 *
524
525
526
527
528
529
530
531
532
533
534
535 *
536 *
537
538
539
540 *
541 *
542
543
544
545
546
547
548 *
549
550
551
552 *
553
554
555 *
556
557
558
559
560
561
562
563
564
565
566
567
568
569
570
571
572
573
574
575
576 *
577
578
579
580
581
582
583
584
585
586
587
588 *
589
590
591
592
593
594
595
596
597
598
599 *
600
601
602
603
604
605
606
607
608
609 *
610
611
612
613
614
615
616
617
618
619
620
621
622
623
624
625
626
627
628
629
630
631 *
632
633
634
635 *
636
637
638
639
640
641
642
643
644
645
646
647
648
649
650
651
652 *
653
654
655
656
657
658
659 *
660
661
662
663
664
665
666
667 *
668
669 *
670
671
672
673
674
675
676
677
678
679
680
681 *
682
683
684
685
686
687
688
689
690
691
692
693
694
695
696
697
698
699
700
701
702
703
704
705
706
707
708
709
710 *
711 *
712
713
714
715
716
717
718
719
720
721
722
723 *
724 *
725
726
727
728
729
730
731
732
733
734
735
736
737
738
739
740
741
742
743
744
745
746 *
747
748
749
750
751
752
753
754
755
756
757
758
759
760
761
762
763
764
765
766
767
768
769 *
770
771
772
773
774
775
776
777
778
779
780
781
782
783
784
785
786
787
788
789
790
791
792
793
794
795 *
796
797
798
799
800
801
802
803
804
805 *
806
807
808
809
810
811
812
813
814
815
816
817
818
819
820
821
822
823 *
824
825
826
827
828
829
830
831
832
833 *
834
835
836
837
838
839
840
841
842
843
844
845
846
847 *
848
849
850
851
852
853
854
855
856 *
857
858
859
860
861
862 *
863
864
865
866
867 *
868
869
870
871 *
872
873
874
875
876
877
878
879
880
881
882
883
884
885
886 *
887
888
889
890
891 *
892
893
894
895
896
897
898 *
899
900
901 *
902
903 *
904
905
906
907
908
909
910
911
912
913
914
915
916
917 *
918
919
920
921
922
923
924 *
925
926
927
928
929
930 *
931
932
933
934
935
936
937
938
939
940
941
942 *
943
944
945
946
947
948
949
950
951 *
952
953
954
955
956
957
958
959
960
961
962
963
964
965
966
967
968
969
970
971
972
973
974
975
976
977
978
979
980
981
982
983
984
985
986
987
988 *
989
990
991 *
992
993
994
995
996
997 *
998
999
0 -- 68
0 -- 63
1 -- 39
2 -- 937
3 -- 395
3 -- 976
3 -- 438
3 -- 889
3 -- 988
3 -- 703
4 -- 616
4 -- 686
5 -- 427
5 -- 699
5 -- 781
5 -- 518
5 -- 847
6 -- 531
6 -- 407
7 -- 709
8 -- 137
8 -- 188
8 -- 956
8 -- 553
9 -- 286
9 -- 622
9 -- 533
10 -- 389
10 -- 968
10 -- 876
10 -- 812
10 -- 206
10 -- 474
11 -- 360
11 -- 129
11 -- 613
12 -- 111
12 -- 302
12 -- 359
13 -- 121
13 -- 498
13 -- 901
14 -- 536
14 -- 920
14 -- 959
15 -- 840
15 -- 75
16 -- 51
16 -- 418
16 -- 575
16 -- 703
17 -- 536
17 -- 833
17 -- 164
17 -- 124
17 -- 301
18 -- 335
18 -- 580
18 -- 773
18 -- 950
18 -- 101
19 -- 248
19 -- 768
19 -- 484
20 -- 35
20 -- 295
20 -- 331
20 -- 463
20 -- 86
20 -- 120
20 -- 220
21 -- 483
21 -- 772
21 -- 743
21 -- 778
21 -- 44
21 -- 494
21 -- 636
22 -- 800
22 -- 693
22 -- 951
23 -- 772
23 -- 749
24 -- 729
24 -- 563
24 -- 607
25 -- 587
25 -- 500
25 -- 581
26 -- 360
26 -- 843
26 -- 988
26 -- 798
27 -- 408
27 -- 530
27 -- 604
27 -- 562
27 -- 238
28 -- 810
28 -- 770
29 -- 813
29 -- 255
30 -- 400
30 -- 761
30 -- 772
30 -- 647
31 -- 140
31 -- 404
31 -- 990
33 -- 968
33 -- 39
34 -- 458
34 -- 725
34 -- 279
34 -- 58
34 -- 382
34 -- 223
35 -- 850
35 -- 382
36 -- 993
36 -- 770
36 -- 234
36 -- 174
36 -- 431
36 -- 638
37 -- 946
37 -- 764
37 -- 162
38 -- 248
38 -- 281
38 -- 899
38 -- 460
40 -- 179
40 -- 766
41 -- 875
41 -- 511
42 -- 499
42 -- 734
43 -- 568
43 -- 507
43 -- 495
43 -- 933
43 -- 415
44 -- 105
44 -- 979
44 -- 276
44 -- 566
45 -- 779
45 -- 685
46 -- 593
46 -- 827
47 -- 416
47 -- 417
48 -- 295
48 -- 202
48 -- 139
48 -- 53
48 -- 733
49 -- 560
49 -- 82
49 -- 699
49 -- 173
49 -- 279
52 -- 857
52 -- 138
53 -- 274
55 -- 630
55 -- 975
56 -- 507
56 -- 997
56 -- 926
56 -- 727
57 -- 801
57 -- 442
57 -- 171
58 -- 579
58 -- 147
58 -- 775
59 -- 824
59 -- 444
59 -- 991
60 -- 619
60 -- 790
61 -- 257
61 -- 877
61 -- 82
61 -- 371
61 -- 277
61 -- 124
62 -- 336
62 -- 746
62 -- 966
63 -- 371
64 -- 364
65 -- 641
65 -- 390
67 -- 545
67 -- 735
68 -- 100
68 -- 380
68 -- 854
69 -- 70
70 -- 294
70 -- 466
70 -- 923
70 -- 220
70 -- 574
71 -- 568
71 -- 993
71 -- 172
71 -- 726
72 -- 873
72 -- 202
72 -- 539
72 -- 652
73 -- 492
73 -- 402
73 -- 499
73 -- 732
74 -- 83
74 -- 181
75 -- 266
75 -- 398
76 -- 184
77 -- 739
77 -- 791
78 -- 737
78 -- 388
78 -- 269
78 -- 943
80 -- 556
81 -- 179
82 -- 775
82 -- 283
82 -- 503
83 -- 583
83 -- 105
83 -- 269
83 -- 782
83 -- 856
83 -- 729
84 -- 649
85 -- 338
86 -- 541
87 -- 385
87 -- 337
88 -- 472
88 -- 462
89 -- 401
89 -- 628
89 -- 161
89 -- 782
89 -- 527
90 -- 794
90 -- 302
90 -- 772
90 -- 493
90 -- 182
92 -- 136
92 -- 427
92 -- 109
92 -- 373
92 -- 858
92 -- 925
92 -- 245
93 -- 674
93 -- 199
93 -- 812
93 -- 610
93 -- 399
93 -- 912
93 -- 697
94 -- 344
94 -- 431
94 -- 236
94 -- 501
94 -- 661
95 -- 408
95 -- 241
95 -- 829
95 -- 407
96 -- 412
97 -- 898
97 -- 811
97 -- 147
97 -- 150
98 -- 943
99 -- 643
99 -- 886
99 -- 423
100 -- 721
100 -- 909
100 -- 334
100 -- 783
101 -- 823
102 -- 192
102 -- 817
102 -- 178
102 -- 278
103 -- 703
103 -- 615
104 -- 324
104 -- 118
105 -- 360
105 -- 450
105 -- 462
106 -- 768
107 -- 512
107 -- 188
107 -- 261
108 -- 203
108 -- 623
109 -- 513
110 -- 459
110 -- 845
112 -- 891
112 -- 503
113 -- 986
113 -- 924
113 -- 410
113 -- 551
114 -- 115
114 -- 796
115 -- 244
115 -- 845
115 -- 351
116 -- 311
116 -- 639
117 -- 583
117 -- 488
117 -- 876
117 -- 372
117 -- 150
117 -- 568
118 -- 617
118 -- 203
118 -- 436
119 -- 384
119 -- 651
120 -- 704
120 -- 339
120 -- 284
120 -- 358
121 -- 609
121 -- 598
123 -- 370
123 -- 741
123 -- 573
124 -- 824
124 -- 247
125 -- 129
126 -- 905
127 -- 176
127 -- 355
127 -- 516
128 -- 464
128 -- 969
129 -- 384
129 -- 169
129 -- 669
129 -- 954
130 -- 208
130 -- 239
131 -- 511
132 -- 220
132 -- 406
134 -- 522
134 -- 514
135 -- 393
136 -- 785
136 -- 285
136 -- 289
137 -- 952
137 -- 481
137 -- 269
137 -- 537
138 -- 397
138 -- 302
138 -- 495
139 -- 451
140 -- 593
140 -- 252
140 -- 769
141 -- 537
141 -- 826
141 -- 534
141 -- 998
141 -- 335
142 -- 300
142 -- 477
143 -- 874
144 -- 184
144 -- 583
144 -- 647
144 -- 669
144 -- 189
145 -- 786
145 -- 275
145 -- 396
146 -- 456
146 -- 226
146 -- 178
147 -- 777
147 -- 356
148 -- 292
149 -- 465
149 -- 868
149 -- 246
150 -- 272
150 -- 771
151 -- 592
151 -- 629
151 -- 214
151 -- 335
152 -- 189
152 -- 410
152 -- 405
152 -- 229
153 -- 635
154 -- 219
154 -- 333
155 -- 444
155 -- 397
155 -- 983
156 -- 234
156 -- 642
156 -- 750
157 -- 843
157 -- 389
158 -- 785
158 -- 219
158 -- 987
159 -- 862
159 -- 646
159 -- 503
160 -- 749
161 -- 505
162 -- 233
162 -- 315
162 -- 803
162 -- 903
163 -- 897
163 -- 307
163 -- 582
164 -- 404
164 -- 598
164 -- 950
165 -- 484
165 -- 293
165 -- 775
166 -- 514
166 -- 996
166 -- 710
166 -- 496
166 -- 530
166 -- 183
167 -- 549
167 -- 983
167 -- 997
167 -- 774
167 -- 959
168 -- 450
168 -- 372
168 -- 997
169 -- 483
169 -- 389
169 -- 230
169 -- 391
170 -- 824
170 -- 899
171 -- 658
171 -- 292
171 -- 345
172 -- 679
172 -- 471
172 -- 357
172 -- 910
173 -- 228
173 -- 562
173 -- 473
173 -- 698
173 -- 605
174 -- 600
175 -- 202
175 -- 516
175 -- 686
176 -- 769
176 -- 611
176 -- 892
176 -- 764
176 -- 863
177 -- 202
177 -- 572
177 -- 679
178 -- 418
179 -- 952
179 -- 944
180 -- 816
180 -- 833
180 -- 366
181 -- 425
181 -- 621
181 -- 673
182 -- 992
182 -- 577
182 -- 550
182 -- 777
182 -- 377
182 -- 572
183 -- 249
183 -- 309
183 -- 382
185 -- 379
185 -- 803
185 -- 879
186 -- 187
186 -- 469
187 -- 729
187 -- 726
188 -- 224
188 -- 295
188 -- 905
188 -- 595
188 -- 886
189 -- 267
189 -- 585
190 -- 770
190 -- 443
190 -- 268
190 -- 213
190 -- 295
191 -- 506
192 -- 833
192 -- 963
192 -- 934
192 -- 463
193 -- 360
193 -- 207
194 -- 600
195 -- 378
195 -- 974
196 -- 769
196 -- 418
196 -- 978
196 -- 634
196 -- 220
196 -- 253
197 -- 632
197 -- 455
198 -- 997
198 -- 917
200 -- 505
200 -- 454
200 -- 399
201 -- 245
201 -- 455
202 -- 962
202 -- 526
202 -- 468
202 -- 342
203 -- 623
204 -- 440
204 -- 713
204 -- 246
205 -- 963
206 -- 461
207 -- 461
207 -- 374
207 -- 433
208 -- 801
208 -- 234
208 -- 267
208 -- 755
208 -- 852
208 -- 411
208 -- 733
209 -- 242
210 -- 416
210 -- 473
210 -- 994
210 -- 456
210 -- 321
211 -- 553
212 -- 476
212 -- 638
212 -- 830
213 -- 376
215 -- 753
216 -- 552
217 -- 816
217 -- 656
217 -- 912
217 -- 246
219 -- 472
219 -- 732
219 -- 938
220 -- 806
220 -- 463
220 -- 720
220 -- 956
221 -- 392
221 -- 838
222 -- 372
222 -- 891
222 -- 724
222 -- 373
222 -- 278
223 -- 951
224 -- 332
224 -- 497
226 -- 362
226 -- 795
227 -- 312
227 -- 471
228 -- 925
229 -- 593
229 -- 618
229 -- 838
229 -- 793
230 -- 683
230 -- 772
230 -- 507
231 -- 962
231 -- 469
231 -- 759
232 -- 399
232 -- 325
232 -- 511
233 -- 440
233 -- 244
233 -- 335
234 -- 354
234 -- 366
234 -- 945
234 -- 452
235 -- 988
235 -- 252
235 -- 493
236 -- 434
236 -- 282
237 -- 384
238 -- 929
238 -- 243
238 -- 885
239 -- 449
240 -- 672
240 -- 421
240 -- 646
240 -- 552
240 -- 690
240 -- 538
242 -- 476
244 -- 318
244 -- 713
245 -- 405
245 -- 404
245 -- 341
246 -- 846
246 -- 319
247 -- 896
247 -- 731
247 -- 654
248 -- 398
249 -- 613
250 -- 409
250 -- 290
250 -- 491
251 -- 665
252 -- 311
252 -- 933
252 -- 855
252 -- 731
253 -- 628
254 -- 537
254 -- 482
254 -- 893
254 -- 495
256 -- 364
256 -- 381
257 -- 408
257 -- 284
258 -- 327
259 -- 621
259 -- 349
259 -- 575
260 -- 937
260 -- 975
261 -- 721
261 -- 701
261 -- 825
262 -- 288
262 -- 683
262 -- 378
262 -- 803
262 -- 877
263 -- 832
263 -- 417
263 -- 868
264 -- 464
264 -- 530
264 -- 447
265 -- 552
266 -- 882
267 -- 651
267 -- 471
268 -- 282
268 -- 766
269 -- 288
269 -- 420
270 -- 962
270 -- 959
271 -- 331
272 -- 380
272 -- 846
273 -- 784
273 -- 570
273 -- 490
273 -- 990
273 -- 719
274 -- 918
274 -- 742
274 -- 759
275 -- 769
276 -- 440
277 -- 661
277 -- 740
277 -- 711
278 -- 710
280 -- 440
280 -- 819
280 -- 634
280 -- 755
282 -- 816
282 -- 523
283 -- 288
283 -- 693
283 -- 349
283 -- 613
284 -- 371
284 -- 718
285 -- 371
285 -- 659
286 -- 893
286 -- 726
287 -- 408
287 -- 392
287 -- 454
287 -- 599
288 -- 747
288 -- 501
289 -- 769
289 -- 343
291 -- 547
291 -- 708
291 -- 838
291 -- 521
291 -- 500
291 -- 374
292 -- 672
292 -- 517
292 -- 593
292 -- 855
292 -- 825
292 -- 919
293 -- 600
293 -- 652
294 -- 888
296 -- 466
296 -- 491
296 -- 989
296 -- 326
297 -- 872
297 -- 472
297 -- 766
298 -- 884
299 -- 825
300 -- 879
301 -- 558
302 -- 897
302 -- 678
302 -- 376
302 -- 415
303 -- 768
303 -- 785
303 -- 474
303 -- 507
303 -- 862
304 -- 512
304 -- 825
304 -- 843
304 -- 724
305 -- 869
306 -- 787
307 -- 617
307 -- 535
308 -- 475
308 -- 942
309 -- 712
309 -- 949
310 -- 619
311 -- 673
311 -- 355
311 -- 614
312 -- 844
313 -- 348
315 -- 757
315 -- 674
315 -- 655
316 -- 462
316 -- 498
316 -- 787
316 -- 505
316 -- 381
316 -- 446
317 -- 728
319 -- 977
319 -- 459
320 -- 916
320 -- 565
321 -- 774
323 -- 665
324 -- 419
324 -- 684
324 -- 990
324 -- 715
325 -- 451
325 -- 590
326 -- 857
326 -- 538
326 -- 974
327 -- 787
328 -- 331
328 -- 726
328 -- 763
329 -- 704
329 -- 375
330 -- 973
330 -- 854
331 -- 841
331 -- 814
331 -- 858
332 -- 776
333 -- 556
334 -- 355
334 -- 436
335 -- 818
336 -- 834
336 -- 852
337 -- 549
337 -- 783
338 -- 878
339 -- 569
339 -- 494
341 -- 656
341 -- 858
341 -- 364
341 -- 679
342 -- 890
342 -- 486
343 -- 930
344 -- 810
346 -- 625
346 -- 803
346 -- 733
346 -- 861
347 -- 481
347 -- 906
347 -- 780
347 -- 621
347 -- 410
347 -- 507
348 -- 921
348 -- 619
349 -- 537
349 -- 388
351 -- 427
351 -- 519
352 -- 736
352 -- 410
353 -- 772
353 -- 893
355 -- 606
356 -- 994
358 -- 571
359 -- 954
359 -- 806
361 -- 365
365 -- 457
365 -- 373
365 -- 945
366 -- 811
366 -- 422
366 -- 715
366 -- 374
366 -- 951
366 -- 699
367 -- 721
367 -- 837
367 -- 439
368 -- 580
368 -- 828
369 -- 766
370 -- 504
370 -- 579
371 -- 712
371 -- 520
371 -- 767
372 -- 953
372 -- 674
373 -- 828
374 -- 969
374 -- 737
375 -- 403
376 -- 381
377 -- 945
377 -- 783
380 -- 865
380 -- 875
380 -- 751
380 -- 543
381 -- 807
382 -- 395
383 -- 580
383 -- 442
383 -- 772
384 -- 966
384 -- 552
384 -- 623
384 -- 977
385 -- 421
386 -- 403
386 -- 676
387 -- 424
387 -- 443
388 -- 849
388 -- 521
389 -- 488
389 -- 499
389 -- 436
391 -- 515
391 -- 876
391 -- 419
391 -- 503
391 -- 730
392 -- 457
392 -- 406
393 -- 777
393 -- 422
394 -- 656
395 -- 577
395 -- 418
396 -- 418
396 -- 409
397 -- 844
398 -- 897
398 -- 886
398 -- 824
399 -- 445
399 -- 534
400 -- 483
401 -- 631
402 -- 408
402 -- 557
402 -- 542
403 -- 697
404 -- 536
405 -- 681
405 -- 557
405 -- 462
405 -- 637
407 -- 722
407 -- 473
407 -- 538
407 -- 959
408 -- 514
408 -- 593
408 -- 564
409 -- 753
409 -- 758
410 -- 680
410 -- 713
410 -- 499
411 -- 534
412 -- 815
412 -- 540
412 -- 437
412 -- 909
413 -- 461
414 -- 595
414 -- 475
414 -- 781
414 -- 558
415 -- 717
415 -- 559
418 -- 784
418 -- 915
418 -- 820
419 -- 497
419 -- 826
419 -- 701
420 -- 989
420 -- 926
422 -- 651
422 -- 597
422 -- 895
424 -- 437
425 -- 955
425 -- 427
425 -- 684
425 -- 997
426 -- 518
427 -- 923
428 -- 760
429 -- 538
429 -- 522
430 -- 588
430 -- 732
430 -- 678
430 -- 831
432 -- 714
432 -- 594
433 -- 549
434 -- 509
434 -- 814
435 -- 696
436 -- 519
436 -- 686
436 -- 623
438 -- 517
439 -- 895
439 -- 599
440 -- 647
440 -- 496
440 -- 601
442 -- 929
444 -- 569
445 -- 722
446 -- 587
447 -- 762
447 -- 994
448 -- 773
449 -- 775
449 -- 727
450 -- 850
450 -- 870
455 -- 642
455 -- 963
455 -- 839
455 -- 910
455 -- 820
456 -- 839
459 -- 578
459 -- 555
459 -- 829
460 -- 647
461 -- 598
464 -- 740
465 -- 736
465 -- 903
466 -- 790
466 -- 709
467 -- 930
467 -- 508
467 -- 669
467 -- 717
468 -- 800
468 -- 577
468 -- 868
468 -- 669
469 -- 758
470 -- 491
470 -- 572
471 -- 836
471 -- 648
471 -- 973
471 -- 604
472 -- 646
473 -- 737
473 -- 761
474 -- 531
474 -- 964
475 -- 850
476 -- 549
477 -- 795
478 -- 618
478 -- 605
479 -- 656
479 -- 780
479 -- 549
480 -- 777
481 -- 539
482 -- 667
483 -- 564
486 -- 929
487 -- 550
490 -- 981
490 -- 765
491 -- 790
494 -- 553
494 -- 611
495 -- 947
495 -- 666
496 -- 884
496 -- 685
496 -- 950
499 -- 657
499 -- 891
500 -- 940
500 -- 862
501 -- 643
501 -- 681
501 -- 565
501 -- 696
502 -- 644
504 -- 739
504 -- 916
505 -- 544
505 -- 574
507 -- 672
507 -- 932
507 -- 859
508 -- 676
509 -- 689
510 -- 564
511 -- 577
511 -- 568
512 -- 578
512 -- 855
514 -- 586
515 -- 837
515 -- 615
516 -- 805
516 -- 590
518 -- 632
518 -- 889
518 -- 899
520 -- 795
521 -- 924
522 -- 736
522 -- 845
522 -- 743
523 -- 733
523 -- 687
525 -- 552
525 -- 793
525 -- 987
526 -- 856
526 -- 571
526 -- 565
526 -- 559
528 -- 976
529 -- 806
531 -- 707
531 -- 744
531 -- 818
531 -- 601
532 -- 647
533 -- 824
533 -- 563
533 -- 652
534 -- 910
534 -- 607
535 -- 986
535 -- 997
536 -- 797
538 -- 839
538 -- 971
539 -- 698
539 -- 733
540 -- 776
540 -- 861
542 -- 560
542 -- 602
542 -- 758
544 -- 865
544 -- 863
545 -- 948
545 -- 581
546 -- 592
546 -- 641
547 -- 738
547 -- 684
548 -- 988
550 -- 746
550 -- 635
552 -- 672
552 -- 633
552 -- 734
553 -- 884
554 -- 803
555 -- 912
557 -- 876
557 -- 631
558 -- 706
559 -- 828
560 -- 786
560 -- 611
560 -- 780
561 -- 826
562 -- 883
562 -- 892
563 -- 720
563 -- 795
564 -- 728
564 -- 580
565 -- 892
565 -- 798
566 -- 640
566 -- 949
567 -- 642
567 -- 842
567 -- 917
567 -- 570
567 -- 763
567 -- 735
568 -- 604
569 -- 766
570 -- 970
570 -- 773
570 -- 829
572 -- 738
572 -- 933
572 -- 887
572 -- 696
573 -- 608
574 -- 710
575 -- 753
576 -- 846
576 -- 871
577 -- 685
579 -- 692
580 -- 800
580 -- 584
580 -- 660
581 -- 610
581 -- 754
582 -- 920
582 -- 633
582 -- 635
582 -- 719
583 -- 769
584 -- 616
584 -- 627
585 -- 915
586 -- 623
587 -- 987
588 -- 618
591 -- 995
594 -- 647
595 -- 901
595 -- 725
595 -- 700
595 -- 895
596 -- 880
596 -- 860
597 -- 717
599 -- 954
600 -- 654
602 -- 805
603 -- 875
604 -- 750
604 -- 848
604 -- 728
606 -- 689
607 -- 825
609 -- 725
610 -- 944
611 -- 840
612 -- 789
612 -- 933
615 -- 960
615 -- 786
616 -- 652
617 -- 839
618 -- 761
618 -- 849
619 -- 910
619 -- 911
619 -- 638
622 -- 875
622 -- 844
622 -- 724
623 -- 836
624 -- 728
625 -- 675
625 -- 677
625 -- 743
625 -- 909
625 -- 853
626 -- 790
627 -- 881
629 -- 975
630 -- 704
630 -- 977
630 -- 813
630 -- 678
631 -- 849
632 -- 806
634 -- 784
634 -- 963
636 -- 694
636 -- 679
637 -- 670
638 -- 704
639 -- 768
640 -- 774
643 -- 657
643 -- 701
645 -- 649
646 -- 697
646 -- 796
647 -- 997
650 -- 940
651 -- 752
653 -- 968
655 -- 843
655 -- 668
657 -- 712
658 -- 997
660 -- 902
661 -- 733
661 -- 807
662 -- 688
662 -- 881
663 -- 696
663 -- 955
663 -- 708
663 -- 739
664 -- 956
665 -- 822
666 -- 720
667 -- 958
668 -- 840
669 -- 731
670 -- 932
670 -- 854
671 -- 982
671 -- 790
671 -- 855
673 -- 972
673 -- 965
674 -- 874
675 -- 956
676 -- 859
677 -- 778
679 -- 875
682 -- 881
682 -- 884
685 -- 868
685 -- 970
685 -- 909
685 -- 849
687 -- 968
689 -- 891
690 -- 748
690 -- 870
690 -- 799
692 -- 814
693 -- 876
694 -- 812
694 -- 793
696 -- 861
698 -- 848
698 -- 730
699 -- 923
702 -- 866
702 -- 787
704 -- 765
705 -- 737
705 -- 765
706 -- 857
707 -- 889
707 -- 869
709 -- 880
709 -- 994
710 -- 746
710 -- 823
711 -- 752
711 -- 803
711 -- 934
713 -- 846
714 -- 861
716 -- 763
717 -- 776
717 -- 858
720 -- 869
720 -- 925
721 -- 934
724 -- 743
725 -- 745
725 -- 884
726 -- 881
726 -- 863
728 -- 977
729 -- 841
729 -- 838
730 -- 952
731 -- 838
731 -- 733
731 -- 796
732 -- 970
735 -- 984
735 -- 991
735 -- 877
737 -- 969
741 -- 824
741 -- 977
744 -- 947
744 -- 885
749 -- 750
750 -- 843
753 -- 970
753 -- 821
753 -- 860
754 -- 772
758 -- 777
759 -- 824
759 -- 791
760 -- 978
762 -- 869
762 -- 927
765 -- 881
765 -- 780
767 -- 821
767 -- 790
768 -- 818
769 -- 931
772 -- 801
772 -- 979
774 -- 826
774 -- 926
776 -- 892
776 -- 974
777 -- 922
779 -- 995
780 -- 837
781 -- 805
785 -- 891
785 -- 861
786 -- 925
787 -- 899
788 -- 903
791 -- 999
792 -- 908
793 -- 835
798 -- 803
799 -- 971
804 -- 843
805 -- 872
808 -- 962
811 -- 985
812 -- 966
812 -- 921
815 -- 963
816 -- 840
816 -- 965
818 -- 977
819 -- 852
820 -- 858
822 -- 988
823 -- 853
824 -- 910
825 -- 957
831 -- 883
832 -- 964
837 -- 975
840 -- 940
846 -- 897
847 -- 910
849 -- 943
851 -- 998
853 -- 884
855 -- 988
856 -- 972
859 -- 976
861 -- 891
863 -- 878
865 -- 890
867 -- 958
869 -- 955
881 -- 906
883 -- 890
884 -- 971
890 -- 990
895 -- 996
896 -- 984
901 -- 954
903 -- 961
905 -- 906
908 -- 958
913 -- 997
916 -- 977
919 -- 978
922 -- 933
926 -- 937
929 -- 932
929 -- 981
937 -- 963
967 -- 986
979 -- 980
