4000 6000 400
0 1
0
1
2
3
4
5
6
7
8 *
9
10
11
12
13
14
15
16
17 *
18
19
20
21
22
23
24
25
26
27
28
29
30
31
32
33
34
35 *
36
37
38 *
39
40
41
42
43
44
45
46
47
48
49
50
51 *
52
53 *
54
55
56
57
58
59
60
61
62
63
64
65
66
67
68
69
70
71
72
73
74
75
76
77
78
79
80
81
82
83
84
85
86
87
88
89
90
91
92 *
93
94
95
96
97
98
99
100
101
102
103
104
105
106
107
108 *
109
110
111
112
113
114
115
116
117
118
119
120
121
122
123
124
125
126
127 *
128 *
129 *
130
131
132 *
133
134 *
135
136
137
138
139
140
141 *
142
143
144
145
146
147
148 *
149
150 *
151
152
153
154
155
156
157
158
159
160
161
162
163
164
165
166
167
168
169
170
171
172
173
174
175
176
177
178
179
180
181
182
183
184
185
186
187
188
189
190
191 *
192
193
194
195
196
197 *
198
199 *
200
201
202
203 *
204
205
206 *
207
208
209
210
211
212 *
213
214
215
216
217
218 *
219
220
221
222 *
223
224 *
225
226
227
228
229
230
231
232
233
234
235
236
237
238
239
240
241
242
243
244
245
246
247
248
249
250
251
252
253
254
255
256
257
258
259
260
261
262
263
264
265
266
267
268
269 *
270
271
272
273 *
274
275
276
277
278
279
280
281
282
283
284
285
286
287
288
289
290
291
292
293
294
295 *
296
297
298
299
300
301
302
303
304
305
306
307
308
309
310
311
312
313
314
315
316
317
318
319
320
321
322
323
324
325 *
326 *
327
328
329
330
331
332
333
334
335
336
337 *
338
339
340
341
342
343
344
345
346
347
348
349
350
351
352
353 *
354
355
356
357
358
359
360
361
362
363
364
365
366
367
368 *
369
370
371
372
373
374
375
376
377
378
379
380
381
382
383
384
385
386
387
388
389
390
391
392
393
394
395
396
397
398
399
400
401
402
403
404
405
406 *
407
408
409
410
411
412 *
413 *
414
415
416 *
417
418
419
420
421
422
423
424 *
425
426
427
428 *
429
430 *
431
432
433
434
435 *
436
437
438
439
440
441
442 *
443
444
445
446
447
448
449
450
451
452
453 *
454
455
456
457
458
459
460
461 *
462
463
464
465
466
467 *
468
469
470
471
472
473
474
475
476
477
478
479
480 *
481 *
482
483 *
484
485
486
487 *
488
489
490
491
492
493
494
495
496
497
498
499
500
501
502
503
504
505
506
507
508
509
510 *
511
512
513
514
515
516
517
518
519 *
520
521
522
523
524 *
525
526
527
528
529 *
530
531
532
533
534
535
536
537 *
538 *
539
540
541
542
543
544 *
545
546
547
548
549
550
551
552
553
554
555
556 *
557
558
559
560
561
562
563
564
565
566
567
568 *
569
570
571 *
572
573
574
575
576
577 *
578
579
580
581
582
583 *
584
585
586
587
588
589
590
591
592
593
594
595
596
597
598
599
600
601
602
603
604
605
606
607
608
609
610 *
611
612
613
614
615 *
616
617
618
619
620
621
622
623
624
625
626
627
628
629 *
630
631
632
633
634
635
636
637
638 *
639
640
641
642 *
643
644
645
646
647 *
648
649
650
651 *
652
653
654 *
655
656
657
658 *
659
660
661
662
663
664
665
666
667
668 *
669
670 *
671
672
673
674
675
676
677
678
679
680
681
682
683
684
685 *
686
687
688 *
689
690
691
692
693
694
695
696
697
698 *
699
700
701
702
703
704 *
705
706
707
708
709
710
711
712
713 *
714
715
716
717
718
719
720
721
722
723
724
725
726
727
728
729
730
731
732
733
734
735
736 *
737
738
739
740
741
742
743
744
745
746
747
748
749
750
751
752
753
754
755
756
757
758
759 *
760
761
762
763
764
765
766
767
768
769 *
770
771
772 *
773 *
774
775
776 *
777
778
779
780
781
782
783
784
785
786
787 *
788
789
790
791
792
793
794
795
796 *
797 *
798
799
800
801
802
803
804
805
806
807
808
809
810
811
812 *
813
814
815
816 *
817
818
819 *
820
821
822
823
824
825
826
827
828
829
830
831
832
833
834
835
836
837
838
839
840
841
842
843
844
845
846
847
848 *
849
850
851
852
853
854
855 *
856
857 *
858
859
860
861
862
863
864 *
865
866
867
868
869
870 *
871
872
873
874 *
875
876 *
877
878
879
880
881
882
883
884
885 *
886
887
888
889 *
890
891
892
893
894
895 *
896
897
898
899
900
901
902
903
904
905
906 *
907
908 *
909
910
911 *
912
913
914
915
916
917
918
919
920
921
922
923 *
924
925
926
927 *
928
929
930
931
932
933
934
935
936
937
938
939
940
941
942
943
944
945
946
947
948
949
950
951
952
953 *
954
955
956
957
958
959
960
961
962
963
964
965
966
967
968
969
970
971
972
973
974
975
976
977
978
979
980
981
982
983
984
985
986
987
988
989
990
991
992
993
994
995
996
997
998
999
1000
1001
1002
1003
1004
1005
1006
1007
1008
1009
1010
1011
1012
1013
1014
1015
1016
1017 *
1018
1019
1020
1021
1022 *
1023
1024
1025 *
1026
1027 *
1028
1029
1030
1031
1032
1033
1034
1035
1036
1037
1038
1039
1040
1041
1042 *
1043
1044
1045 *
1046 *
1047
1048
1049
1050
1051
1052
1053
1054
1055
1056
1057
1058
1059
1060
1061
1062
1063
1064
1065
1066
1067
1068
1069
1070
1071
1072
1073
1074
1075
1076
1077
1078
1079
1080
1081 *
1082
1083
1084
1085
1086
1087
1088 *
1089
1090
1091
1092
1093
1094 *
1095
1096
1097
1098 *
1099
1100 *
1101
1102 *
1103
1104
1105
1106
1107
1108
1109
1110
1111
1112
1113
1114
1115
1116
1117
1118
1119
1120 *
1121
1122
1123
1124
1125
1126
1127
1128
1129
1130
1131
1132
1133
1134
1135
1136
1137
1138
1139
1140
1141
1142
1143
1144
1145
1146
1147 *
1148
1149
1150
1151
1152
1153 *
1154
1155
1156
1157
1158
1159
1160
1161
1162 *
1163
1164
1165
1166
1167
1168
1169 *
1170
1171
1172
1173
1174
1175
1176
1177 *
1178 *
1179
1180
1181
1182
1183
1184
1185
1186
1187
1188
1189
1190 *
1191
1192
1193 *
1194
1195
1196
1197
1198
1199
1200
1201
1202
1203
1204
1205
1206 *
1207
1208
1209
1210
1211
1212
1213
1214
1215
1216
1217
1218
1219
1220
1221
1222
1223 *
1224
1225
1226
1227
1228
1229
1230
1231
1232
1233
1234
1235
1236
1237
1238
1239
1240 *
1241
1242
1243
1244
1245
1246
1247
1248
1249
1250
1251 *
1252
1253
1254
1255
1256
1257
1258
1259
1260
1261
1262
1263
1264
1265
1266
1267
1268
1269 *
1270
1271
1272 *
1273
1274
1275
1276
1277
1278
1279
1280
1281
1282
1283
1284
1285
1286
1287
1288
1289
1290
1291
1292
1293 *
1294
1295
1296
1297
1298
1299
1300 *
1301
1302
1303
1304 *
1305
1306
1307
1308
1309
1310
1311
1312
1313 *
1314
1315
1316
1317
1318
1319
1320 *
1321
1322
1323
1324
1325
1326 *
1327 *
1328
1329
1330
1331
1332
1333
1334
1335
1336
1337
1338
1339
1340
1341
1342
1343
1344
1345
1346
1347
1348
1349
1350
1351
1352
1353
1354
1355
1356
1357
1358
1359 *
1360
1361 *
1362
1363
1364
1365
1366
1367
1368
1369
1370
1371
1372 *
1373
1374
1375 *
1376
1377
1378
1379
1380
1381
1382
1383
1384
1385
1386
1387
1388
1389
1390
1391
1392
1393
1394
1395
1396
1397
1398
1399
1400
1401 *
1402
1403
1404
1405
1406 *
1407
1408
1409
1410
1411
1412
1413
1414
1415
1416
1417
1418
1419 *
1420
1421
1422
1423
1424
1425
1426
1427
1428
1429
1430
1431
1432
1433
1434
1435
1436
1437
1438
1439
1440
1441
1442
1443
1444
1445
1446
1447
1448
1449
1450
1451
1452
1453
1454
1455
1456
1457
1458
1459
1460
1461
1462
1463
1464
1465
1466
1467
1468
1469
1470
1471
1472
1473 *
1474
1475
1476
1477
1478
1479
1480
1481
1482
1483
1484
1485
1486
1487
1488
1489
1490
1491
1492
1493
1494
1495
1496
1497
1498
1499
1500
1501
1502
1503
1504
1505
1506
1507
1508 *
1509
1510 *
1511
1512
1513
1514
1515
1516
1517
1518
1519
1520
1521
1522
1523
1524
1525
1526 *
1527
1528
1529
1530
1531
1532
1533
1534
1535
1536
1537
1538
1539
1540
1541
1542
1543
1544
1545 *
1546
1547 *
1548 *
1549
1550
1551 *
1552
1553 *
1554
1555
1556
1557
1558
1559
1560
1561
1562
1563
1564
1565
1566
1567
1568
1569
1570
1571
1572
1573
1574
1575
1576
1577
1578
1579
1580
1581
1582
1583
1584
1585
1586
1587
1588
1589
1590
1591
1592
1593
1594
1595
1596
1597
1598
1599
1600
1601
1602
1603
1604
1605 *
1606
1607
1608
1609
1610
1611
1612
1613
1614 *
1615
1616
1617
1618
1619
1620
1621
1622
1623
1624
1625
1626
1627
1628
1629
1630
1631
1632 *
1633
1634
1635
1636
1637
1638
1639
1640 *
1641
1642
1643
1644
1645
1646
1647 *
1648
1649
1650
1651
1652
1653
1654
1655
1656
1657
1658 *
1659
1660
1661
1662
1663
1664
1665
1666
1667
1668 *
1669
1670
1671
1672
1673 *
1674
1675
1676
1677
1678
1679
1680
1681
1682
1683
1684
1685
1686
1687
1688
1689
1690
1691
1692
1693 *
1694
1695
1696 *
1697
1698
1699
1700
1701
1702
1703
1704
1705 *
1706
1707 *
1708
1709
1710
1711
1712
1713 *
1714
1715
1716 *
1717
1718
1719
1720
1721
1722
1723
1724
1725
1726
1727
1728
1729
1730
1731
1732
1733
1734
1735
1736
1737
1738 *
1739
1740
1741
1742 *
1743
1744
1745
1746
1747
1748
1749
1750 *
1751
1752
1753
1754
1755
1756
1757
1758
1759
1760
1761
1762
1763
1764
1765
1766
1767
1768
1769
1770
1771
1772
1773
1774
1775
1776
1777
1778
1779
1780
1781
1782
1783
1784
1785
1786
1787
1788
1789
1790
1791
1792 *
1793
1794 *
1795
1796
1797
1798
1799
1800
1801
1802
1803
1804
1805
1806
1807
1808
1809
1810
1811 *
1812
1813 *
1814
1815
1816
1817
1818
1819
1820
1821
1822
1823
1824
1825
1826
1827
1828
1829
1830 *
1831
1832
1833 *
1834
1835 *
1836
1837
1838 *
1839 *
1840
1841
1842
1843 *
1844
1845
1846
1847
1848
1849
1850
1851
1852
1853
1854
1855
1856
1857
1858
1859
1860
1861 *
1862
1863
1864
1865
1866
1867
1868
1869
1870
1871 *
1872
1873 *
1874
1875
1876
1877
1878
1879 *
1880
1881
1882
1883
1884
1885
1886
1887
1888
1889
1890
1891
1892
1893
1894
1895
1896
1897
1898 *
1899
1900
1901
1902
1903
1904
1905
1906
1907
1908
1909
1910
1911
1912 *
1913
1914
1915 *
1916
1917
1918
1919 *
1920
1921
1922
1923
1924
1925
1926
1927
1928
1929
1930
1931
1932
1933 *
1934
1935
1936
1937 *
1938 *
1939
1940
1941
1942
1943
1944
1945
1946
1947
1948
1949
1950
1951
1952 *
1953
1954
1955
1956
1957
1958
1959
1960
1961
1962
1963
1964
1965
1966
1967
1968
1969
1970
1971 *
1972 *
1973
1974
1975
1976
1977
1978
1979 *
1980
1981
1982
1983
1984
1985
1986
1987
1988
1989
1990
1991 *
1992
1993
1994
1995
1996
1997
1998
1999
2000
2001
2002
2003
2004
2005
2006
2007
2008
2009
2010 *
2011
2012 *
2013
2014
2015
2016
2017 *
2018
2019
2020
2021
2022
2023
2024
2025
2026
2027
2028
2029
2030
2031
2032
2033
2034
2035
2036 *
2037
2038
2039
2040
2041
2042
2043
2044
2045
2046
2047
2048
2049
2050
2051
2052
2053
2054
2055
2056
2057
2058
2059
2060
2061
2062
2063
2064
2065
2066
2067
2068
2069
2070
2071
2072
2073
2074
2075
2076
2077
2078
2079
2080
2081
2082
2083
2084
2085
2086
2087
2088 *
2089
2090 *
2091
2092
2093
2094
2095
2096
2097
2098
2099
2100
2101
2102
2103 *
2104
2105
2106
2107 *
2108
2109
2110
2111
2112
2113
2114
2115
2116
2117
2118
2119
2120
2121
2122
2123
2124
2125
2126
2127
2128
2129
2130
2131
2132
2133
2134
2135
2136
2137
2138
2139
2140
2141
2142
2143 *
2144 *
2145
2146
2147
2148
2149
2150 *
2151
2152
2153 *
2154
2155
2156
2157
2158
2159
2160 *
2161
2162
2163
2164
2165
2166
2167
2168
2169
2170 *
2171
2172
2173
2174
2175
2176
2177
2178
2179 *
2180
2181 *
2182
2183
2184
2185
2186
2187 *
2188
2189
2190
2191
2192
2193
2194
2195 *
2196
2197
2198
2199
2200
2201
2202
2203
2204
2205
2206
2207 *
2208 *
2209
2210
2211
2212
2213
2214
2215 *
2216
2217
2218
2219
2220 *
2221
2222
2223 *
2224
2225
2226
2227
2228
2229
2230
2231
2232
2233
2234
2235
2236
2237
2238
2239
2240
2241 *
2242
2243
2244
2245
2246
2247 *
2248
2249
2250
2251
2252
2253
2254
2255
2256
2257
2258
2259
2260
2261
2262
2263
2264
2265
2266
2267
2268
2269
2270
2271
2272
2273
2274
2275
2276
2277
2278
2279
2280 *
2281
2282
2283
2284
2285
2286 *
2287
2288 *
2289
2290
2291
2292
2293 *
2294
2295
2296
2297
2298
2299
2300
2301
2302 *
2303
2304
2305
2306 *
2307
2308
2309
2310
2311
2312
2313
2314
2315
2316
2317
2318
2319
2320 *
2321
2322
2323
2324 *
2325
2326
2327
2328
2329
2330 *
2331
2332
2333
2334 *
2335
2336
2337
2338
2339
2340 *
2341
2342
2343
2344
2345
2346
2347
2348
2349
2350
2351
2352
2353
2354
2355
2356 *
2357
2358
2359 *
2360
2361
2362
2363
2364
2365
2366
2367
2368 *
2369 *
2370
2371
2372
2373
2374
2375
2376
2377
2378
2379
2380
2381 *
2382
2383
2384
2385
2386
2387 *
2388 *
2389
2390
2391
2392 *
2393
2394
2395
2396
2397
2398
2399
2400
2401
2402
2403
2404
2405
2406
2407
2408
2409
2410
2411
2412
2413
2414
2415
2416
2417
2418
2419
2420
2421
2422
2423
2424
2425
2426
2427
2428
2429
2430
2431
2432
2433
2434
2435 *
2436
2437
2438
2439
2440
2441
2442
2443
2444
2445
2446 *
2447 *
2448
2449
2450
2451
2452
2453
2454
2455
2456
2457
2458
2459
2460
2461
2462
2463
2464
2465
2466
2467
2468 *
2469
2470
2471
2472
2473
2474
2475
2476
2477
2478
2479
2480
2481
2482
2483
2484
2485
2486
2487
2488
2489
2490
2491
2492
2493
2494
2495
2496
2497
2498
2499
2500
2501
2502
2503
2504
2505 *
2506
2507
2508
2509
2510
2511
2512
2513
2514
2515
2516
2517
2518
2519
2520
2521
2522
2523
2524
2525
2526
2527
2528 *
2529
2530
2531
2532
2533 *
2534
2535 *
2536
2537
2538
2539
2540
2541 *
2542
2543
2544
2545
2546
2547
2548
2549
2550
2551
2552
2553 *
2554
2555
2556
2557
2558
2559 *
2560
2561 *
2562 *
2563
2564
2565
2566
2567
2568
2569
2570 *
2571
2572
2573
2574 *
2575
2576
2577
2578
2579
2580
2581
2582
2583
2584
2585
2586
2587 *
2588
2589
2590
2591
2592
2593 *
2594
2595
2596
2597
2598
2599
2600
2601
2602
2603 *
2604
2605
2606 *
2607
2608
2609 *
2610
2611
2612 *
2613 *
2614
2615 *
2616
2617
2618
2619
2620
2621
2622
2623
2624
2625
2626
2627
2628
2629
2630
2631
2632
2633
2634 *
2635
2636
2637
2638
2639
2640
2641
2642
2643
2644
2645
2646
2647
2648
2649
2650
2651
2652
2653
2654 *
2655 *
2656
2657
2658
2659
2660
2661
2662
2663
2664
2665
2666
2667
2668
2669
2670
2671
2672
2673
2674
2675
2676
2677
2678
2679
2680
2681
2682
2683
2684
2685
2686
2687
2688
2689
2690
2691
2692 *
2693
2694
2695
2696
2697
2698
2699
2700
2701
2702
2703
2704 *
2705
2706
2707
2708
2709
2710
2711
2712
2713 *
2714
2715
2716
2717
2718
2719
2720
2721
2722
2723
2724
2725
2726
2727
2728
2729
2730
2731
2732
2733
2734
2735 *
2736 *
2737
2738
2739
2740
2741
2742
2743
2744
2745
2746
2747
2748
2749
2750
2751
2752
2753
2754
2755
2756
2757
2758
2759
2760
2761
2762
2763
2764 *
2765
2766
2767
2768
2769
2770 *
2771
2772
2773
2774
2775 *
2776
2777
2778
2779
2780
2781
2782
2783
2784
2785
2786 *
2787
2788
2789
2790
2791
2792
2793
2794 *
2795
2796
2797
2798
2799
2800
2801
2802
2803 *
2804
2805
2806
2807
2808
2809
2810
2811
2812
2813
2814
2815
2816
2817
2818
2819
2820
2821
2822
2823
2824
2825
2826
2827
2828
2829
2830
2831
2832
2833
2834
2835
2836
2837 *
2838
2839
2840
2841
2842
2843
2844
2845
2846
2847
2848
2849 *
2850
2851
2852
2853
2854
2855
2856
2857
2858
2859
2860
2861 *
2862
2863
2864
2865
2866
2867 *
2868
2869
2870
2871
2872
2873
2874
2875
2876
2877
2878
2879
2880
2881
2882
2883 *
2884
2885
2886
2887
2888
2889
2890
2891
2892
2893
2894
2895
2896
2897
2898
2899 *
2900
2901
2902
2903
2904
2905
2906
2907
2908
2909
2910
2911
2912
2913
2914
2915
2916
2917
2918
2919
2920
2921
2922
2923
2924
2925
2926
2927
2928
2929
2930
2931
2932
2933
2934
2935
2936 *
2937 *
2938
2939
2940 *
2941
2942
2943
2944
2945
2946
2947
2948
2949
2950
2951
2952
2953
2954
2955 *
2956
2957 *
2958 *
2959
2960
2961 *
2962
2963
2964
2965
2966
2967
2968
2969
2970
2971
2972
2973
2974
2975 *
2976
2977
2978
2979
2980
2981
2982
2983
2984
2985
2986
2987
2988
2989
2990
2991
2992
2993
2994 *
2995
2996
2997
2998
2999
3000
3001
3002
3003
3004 *
3005
3006
3007
3008
3009
3010
3011
3012
3013
3014
3015
3016
3017
3018
3019
3020
3021
3022
3023
3024 *
3025
3026
3027 *
3028
3029
3030
3031
3032
3033 *
3034
3035
3036
3037
3038
3039
3040
3041
3042
3043
3044
3045
3046
3047
3048
3049
3050
3051
3052
3053
3054
3055
3056
3057
3058
3059
3060
3061
3062
3063
3064
3065
3066
3067
3068
3069 *
3070
3071
3072
3073
3074
3075
3076
3077 *
3078
3079
3080
3081
3082
3083 *
3084
3085 *
3086
3087
3088
3089
3090
3091
3092
3093
3094
3095
3096
3097
3098
3099
3100
3101
3102
3103
3104
3105
3106
3107
3108
3109
3110
3111
3112
3113
3114
3115
3116
3117
3118 *
3119
3120 *
3121
3122
3123
3124
3125
3126
3127
3128
3129
3130
3131
3132
3133
3134
3135
3136
3137
3138 *
3139
3140
3141 *
3142
3143
3144
3145
3146
3147
3148
3149
3150
3151
3152
3153
3154
3155
3156 *
3157
3158 *
3159
3160
3161
3162
3163
3164
3165
3166
3167
3168 *
3169
3170
3171
3172
3173
3174
3175
3176
3177
3178
3179
3180
3181
3182
3183
3184
3185
3186
3187
3188
3189
3190
3191
3192
3193
3194 *
3195
3196
3197
3198
3199
3200
3201 *
3202
3203 *
3204
3205
3206
3207 *
3208
3209
3210
3211
3212
3213
3214
3215
3216
3217
3218
3219
3220
3221
3222
3223
3224 *
3225 *
3226
3227 *
3228
3229
3230
3231
3232
3233
3234
3235
3236 *
3237
3238
3239
3240 *
3241 *
3242
3243
3244
3245
3246
3247
3248
3249
3250
3251 *
3252
3253
3254
3255
3256
3257
3258
3259
3260
3261
3262
3263
3264
3265 *
3266
3267 *
3268
3269 *
3270
3271
3272
3273
3274
3275
3276
3277
3278
3279
3280
3281
3282
3283
3284 *
3285
3286
3287
3288
3289
3290
3291
3292
3293
3294
3295
3296
3297
3298
3299
3300
3301
3302
3303
3304
3305
3306
3307
3308
3309
3310
3311
3312
3313
3314
3315
3316
3317
3318
3319
3320
3321
3322
3323
3324
3325
3326
3327
3328
3329
3330 *
3331
3332
3333
3334
3335
3336
3337 *
3338
3339 *
3340
3341
3342
3343
3344
3345 *
3346
3347
3348
3349
3350 *
3351
3352
3353
3354
3355
3356
3357
3358 *
3359
3360
3361
3362
3363 *
3364
3365
3366
3367
3368
3369
3370
3371
3372
3373
3374
3375 *
3376
3377
3378
3379
3380
3381
3382
3383
3384
3385
3386 *
3387
3388
3389
3390
3391
3392
3393
3394
3395
3396
3397
3398
3399
3400
3401
3402 *
3403
3404
3405
3406
3407
3408
3409
3410
3411
3412 *
3413
3414 *
3415
3416
3417
3418
3419
3420
3421
3422
3423
3424
3425 *
3426
3427
3428
3429
3430
3431
3432
3433
3434
3435
3436
3437
3438
3439
3440
3441
3442
3443
3444
3445
3446
3447
3448
3449 *
3450
3451
3452
3453
3454
3455
3456
3457
3458
3459
3460
3461
3462
3463
3464
3465
3466
3467
3468
3469
3470 *
3471 *
3472
3473
3474 *
3475
3476
3477
3478
3479
3480
3481
3482
3483
3484
3485
3486
3487 *
3488 *
3489
3490
3491
3492
3493
3494 *
3495
3496
3497
3498
3499
3500
3501
3502
3503
3504
3505
3506
3507
3508 *
3509
3510
3511
3512
3513
3514
3515
3516
3517
3518
3519 *
3520
3521
3522
3523
3524
3525
3526
3527
3528
3529
3530
3531
3532 *
3533
3534
3535 *
3536
3537 *
3538
3539
3540 *
3541 *
3542
3543
3544
3545
3546
3547
3548
3549
3550
3551
3552
3553
3554 *
3555
3556
3557
3558 *
3559
3560
3561
3562
3563 *
3564
3565
3566
3567
3568
3569
3570
3571
3572
3573
3574 *
3575
3576
3577
3578
3579
3580
3581
3582
3583
3584
3585
3586
3587
3588
3589
3590
3591 *
3592
3593
3594
3595
3596
3597
3598
3599
3600
3601 *
3602
3603
3604
3605
3606
3607
3608
3609
3610
3611
3612
3613
3614
3615
3616
3617
3618
3619
3620
3621
3622
3623
3624
3625
3626
3627
3628
3629
3630
3631 *
3632
3633
3634
3635
3636
3637
3638
3639
3640
3641
3642
3643
3644 *
3645
3646
3647 *
3648
3649
3650
3651
3652
3653
3654
3655
3656
3657
3658 *
3659
3660
3661
3662
3663
3664
3665 *
3666
3667
3668
3669 *
3670
3671
3672
3673
3674
3675
3676
3677
3678 *
3679 *
3680
3681
3682
3683
3684
3685
3686
3687
3688
3689
3690
3691
3692
3693
3694
3695
3696
3697
3698
3699
3700
3701 *
3702
3703
3704
3705
3706
3707
3708
3709
3710
3711
3712
3713
3714
3715
3716
3717
3718
3719
3720 *
3721
3722
3723
3724
3725
3726
3727
3728
3729 *
3730
3731
3732
3733
3734
3735
3736
3737
3738
3739 *
3740
3741
3742
3743
3744
3745
3746
3747
3748
3749
3750
3751
3752
3753
3754
3755 *
3756
3757
3758
3759
3760
3761 *
3762
3763
3764
3765
3766
3767
3768 *
3769
3770
3771
3772
3773
3774
3775
3776
3777 *
3778
3779 *
3780
3781
3782
3783
3784
3785
3786 *
3787 *
3788
3789
3790
3791
3792
3793 *
3794
3795
3796
3797
3798
3799
3800
3801
3802
3803
3804 *
3805
3806
3807
3808
3809
3810
3811
3812
3813
3814
3815 *
3816
3817
3818
3819
3820 *
3821
3822
3823
3824
3825
3826
3827
3828
3829
3830
3831
3832
3833
3834
3835
3836
3837
3838 *
3839
3840
3841
3842
3843 *
3844
3845
3846
3847
3848
3849
3850
3851
3852
3853
3854
3855
3856
3857
3858
3859
3860
3861
3862
3863
3864
3865
3866
3867
3868
3869
3870
3871
3872
3873
3874 *
3875
3876
3877
3878 *
3879 *
3880
3881
3882 *
3883
3884
3885
3886
3887
3888 *
3889
3890
3891
3892
3893
3894
3895
3896
3897
3898
3899
3900
3901
3902
3903
3904 *
3905
3906
3907 *
3908
3909
3910
3911
3912
3913
3914
3915
3916
3917
3918
3919
3920
3921 *
3922
3923
3924
3925
3926
3927
3928 *
3929
3930
3931
3932
3933
3934
3935
3936
3937
3938
3939
3940 *
3941
3942
3943
3944 *
3945
3946
3947
3948
3949
3950
3951
3952
3953 *
3954
3955
3956
3957 *
3958
3959
3960
3961
3962
3963
3964
3965
3966
3967
3968
3969
3970
3971
3972
3973
3974
3975 *
3976
3977
3978
3979
3980
3981
3982
3983
3984 *
3985
3986 *
3987
3988
3989
3990
3991
3992
3993
3994
3995
3996
3997 *
3998
3999
0 -- 3744
0 -- 3425
0 -- 421
0 -- 1387
0 -- 205
0 -- 2353
0 -- 2866
1 -- 1512
1 -- 209
1 -- 1006
3 -- 561
4 -- 593
4 -- 1037
4 -- 177
4 -- 2996
4 -- 408
4 -- 26
5 -- 2850
5 -- 999
5 -- 3658
5 -- 3470
5 -- 2831
5 -- 925
6 -- 2360
6 -- 2050
6 -- 1731
6 -- 980
6 -- 2203
7 -- 3964
7 -- 2132
7 -- 3149
7 -- 1542
8 -- 1210
8 -- 484
9 -- 648
9 -- 2410
9 -- 3196
9 -- 3782
10 -- 3456
10 -- 1096
11 -- 2048
11 -- 3905
11 -- 2620
11 -- 2623
12 -- 1216
12 -- 184
12 -- 2298
12 -- 944
13 -- 2272
13 -- 523
13 -- 2308
14 -- 2194
14 -- 1070
15 -- 2660
15 -- 2341
15 -- 199
15 -- 48
15 -- 2008
15 -- 2205
16 -- 434
17 -- 696
17 -- 3694
18 -- 3888
18 -- 1841
18 -- 3460
18 -- 3326
19 -- 2529
19 -- 1898
19 -- 1531
19 -- 3581
20 -- 2973
21 -- 3144
21 -- 2648
21 -- 3763
21 -- 568
21 -- 2247
22 -- 1338
22 -- 3619
22 -- 3708
22 -- 1902
23 -- 3597
24 -- 145
24 -- 2499
24 -- 3235
24 -- 1382
25 -- 1002
25 -- 1474
26 -- 1617
26 -- 1794
26 -- 1691
27 -- 2391
28 -- 2225
28 -- 922
29 -- 3714
29 -- 1748
29 -- 978
30 -- 2373
30 -- 266
30 -- 3403
30 -- 2349
30 -- 3797
30 -- 3173
31 -- 3896
31 -- 685
31 -- 765
31 -- 2390
31 -- 1911
32 -- 832
32 -- 1129
33 -- 682
33 -- 3907
34 -- 67
34 -- 500
34 -- 3543
35 -- 2246
36 -- 3195
36 -- 2886
36 -- 694
37 -- 2928
37 -- 3657
38 -- 2201
39 -- 720
39 -- 3932
39 -- 173
40 -- 2429
41 -- 1939
41 -- 3597
41 -- 1943
42 -- 870
42 -- 1159
42 -- 1710
42 -- 2257
42 -- 1006
42 -- 504
42 -- 1566
43 -- 1168
43 -- 76
43 -- 686
44 -- 586
44 -- 3383
44 -- 3597
44 -- 791
45 -- 3761
46 -- 3312
46 -- 1497
46 -- 656
46 -- 779
46 -- 3497
47 -- 3322
47 -- 1669
47 -- 3002
48 -- 2096
48 -- 2489
48 -- 1514
48 -- 95
49 -- 2610
49 -- 3994
49 -- 2694
50 -- 1831
50 -- 2757
50 -- 415
51 -- 563
51 -- 2916
51 -- 3214
51 -- 1991
52 -- 873
52 -- 3170
52 -- 762
53 -- 1345
53 -- 754
54 -- 504
54 -- 3780
55 -- 480
55 -- 3076
55 -- 2373
55 -- 198
55 -- 776
55 -- 702
55 -- 606
55 -- 2405
56 -- 2305
56 -- 1243
57 -- 2144
57 -- 2896
57 -- 106
57 -- 1637
57 -- 2237
58 -- 1592
58 -- 75
58 -- 724
58 -- 3267
59 -- 1576
60 -- 2638
61 -- 3470
62 -- 2768
62 -- 153
62 -- 231
62 -- 3343
64 -- 3742
65 -- 1655
66 -- 403
67 -- 2106
67 -- 1244
68 -- 611
68 -- 1541
69 -- 3957
70 -- 3784
70 -- 3594
70 -- 239
70 -- 1139
70 -- 2166
70 -- 535
71 -- 3524
72 -- 2368
72 -- 1852
72 -- 799
74 -- 3648
74 -- 1658
75 -- 2180
75 -- 424
75 -- 912
75 -- 2195
75 -- 2013
76 -- 1810
76 -- 439
76 -- 3384
76 -- 2718
76 -- 1343
77 -- 244
77 -- 2174
78 -- 3904
78 -- 688
78 -- 2874
79 -- 3153
79 -- 610
79 -- 3406
80 -- 505
80 -- 1481
80 -- 3046
80 -- 3887
81 -- 3697
81 -- 1876
81 -- 2118
82 -- 1028
82 -- 2278
82 -- 2730
82 -- 203
82 -- 2349
82 -- 2457
83 -- 216
83 -- 199
83 -- 1710
83 -- 583
84 -- 1386
84 -- 1159
85 -- 625
85 -- 3909
85 -- 2118
85 -- 3269
86 -- 2816
86 -- 2914
86 -- 3566
87 -- 3396
87 -- 3317
87 -- 2447
88 -- 1786
88 -- 1789
89 -- 584
89 -- 3496
89 -- 2500
90 -- 2831
91 -- 1048
91 -- 220
92 -- 1025
92 -- 1808
92 -- 3734
92 -- 600
92 -- 1788
92 -- 511
93 -- 3151
94 -- 595
94 -- 3108
94 -- 783
95 -- 3004
97 -- 1786
97 -- 3493
98 -- 1328
98 -- 1757
98 -- 3405
99 -- 1155
99 -- 2748
99 -- 262
100 -- 1708
100 -- 502
100 -- 606
100 -- 3023
101 -- 224
101 -- 2344
101 -- 684
101 -- 2801
101 -- 3097
101 -- 3613
102 -- 3862
102 -- 2911
103 -- 1795
103 -- 1958
104 -- 786
105 -- 3356
105 -- 3668
105 -- 1966
105 -- 889
106 -- 1939
107 -- 585
107 -- 1382
107 -- 2734
108 -- 192
108 -- 1961
108 -- 2099
108 -- 2104
108 -- 2491
108 -- 3455
109 -- 2881
109 -- 1580
109 -- 3495
110 -- 1929
110 -- 3955
110 -- 758
111 -- 3115
111 -- 1071
112 -- 1945
112 -- 3199
112 -- 3820
112 -- 543
113 -- 3923
115 -- 3362
115 -- 2791
117 -- 1001
117 -- 3418
117 -- 580
118 -- 2309
118 -- 173
119 -- 3837
119 -- 3445
120 -- 1131
120 -- 2435
120 -- 2575
121 -- 2849
121 -- 2846
122 -- 753
122 -- 2146
122 -- 1259
122 -- 2826
122 -- 247
123 -- 3059
124 -- 2531
124 -- 939
125 -- 2410
125 -- 916
126 -- 996
127 -- 819
127 -- 2050
127 -- 2939
128 -- 846
128 -- 1457
128 -- 1267
128 -- 1113
128 -- 3802
128 -- 987
129 -- 2154
129 -- 2252
129 -- 445
129 -- 318
129 -- 1005
130 -- 2241
130 -- 3138
130 -- 1356
131 -- 2616
131 -- 3465
131 -- 2667
131 -- 1496
131 -- 1117
132 -- 441
132 -- 2426
132 -- 2227
132 -- 3812
133 -- 1520
133 -- 2271
134 -- 748
134 -- 885
134 -- 1429
135 -- 3417
135 -- 3853
136 -- 2096
137 -- 2086
137 -- 1021
137 -- 3318
137 -- 3351
138 -- 3316
139 -- 2158
140 -- 496
141 -- 3242
141 -- 2078
141 -- 2862
141 -- 1215
142 -- 2835
142 -- 1004
143 -- 2785
143 -- 1572
144 -- 192
144 -- 2926
144 -- 1907
144 -- 1077
144 -- 543
144 -- 3644
144 -- 1493
145 -- 2841
145 -- 3698
145 -- 3485
145 -- 3834
146 -- 2083
146 -- 1364
147 -- 3896
147 -- 2282
147 -- 2439
148 -- 1712
148 -- 1851
148 -- 1901
148 -- 1694
148 -- 1941
149 -- 993
149 -- 1117
149 -- 3989
151 -- 2321
152 -- 976
152 -- 1082
153 -- 2220
153 -- 3795
153 -- 478
153 -- 1175
153 -- 696
154 -- 1646
154 -- 1087
155 -- 928
155 -- 2960
155 -- 1750
155 -- 838
155 -- 1655
156 -- 2560
156 -- 566
156 -- 3903
157 -- 668
157 -- 2837
157 -- 605
157 -- 1959
158 -- 1363
158 -- 1563
158 -- 3997
159 -- 3028
159 -- 839
160 -- 1728
160 -- 2969
160 -- 1264
160 -- 1223
161 -- 3954
161 -- 3035
161 -- 602
161 -- 2687
162 -- 2564
162 -- 1134
162 -- 3153
162 -- 1522
162 -- 181
162 -- 535
162 -- 1540
162 -- 2716
163 -- 2522
163 -- 3084
163 -- 429
163 -- 3943
164 -- 3217
164 -- 693
165 -- 987
165 -- 1588
165 -- 3734
165 -- 3751
166 -- 2535
166 -- 1436
166 -- 2559
167 -- 2881
167 -- 3451
168 -- 2032
168 -- 257
168 -- 930
168 -- 3375
169 -- 3129
169 -- 2380
169 -- 1369
170 -- 3326
170 -- 2219
170 -- 326
170 -- 2182
170 -- 3041
171 -- 2410
171 -- 1620
171 -- 718
172 -- 768
172 -- 1795
172 -- 1707
172 -- 2605
172 -- 1084
172 -- 702
173 -- 1528
173 -- 300
173 -- 2470
174 -- 786
174 -- 1387
174 -- 3541
174 -- 1334
174 -- 3879
175 -- 2499
175 -- 1606
175 -- 2535
175 -- 1194
175 -- 1515
175 -- 758
175 -- 1002
176 -- 1632
176 -- 3745
176 -- 3526
177 -- 1986
177 -- 2102
177 -- 1431
178 -- 3881
178 -- 261
179 -- 1568
179 -- 234
179 -- 2324
179 -- 1735
180 -- 3395
180 -- 2853
181 -- 808
181 -- 1532
181 -- 3742
182 -- 2316
182 -- 3828
182 -- 1486
182 -- 1894
183 -- 3216
184 -- 3683
184 -- 301
184 -- 1038
185 -- 3649
186 -- 3666
186 -- 1499
186 -- 3228
187 -- 2281
187 -- 2602
187 -- 2642
188 -- 816
188 -- 3790
189 -- 3387
190 -- 3367
190 -- 1256
190 -- 3688
190 -- 274
190 -- 3189
190 -- 1820
191 -- 1392
191 -- 3225
191 -- 2964
191 -- 3350
192 -- 2502
192 -- 974
192 -- 3637
192 -- 2108
192 -- 1949
192 -- 757
193 -- 2782
193 -- 3038
194 -- 537
194 -- 1463
195 -- 2228
195 -- 2780
195 -- 1686
196 -- 3857
196 -- 519
197 -- 3249
197 -- 341
198 -- 1858
198 -- 1595
198 -- 3252
199 -- 930
199 -- 1428
199 -- 3221
199 -- 791
199 -- 915
200 -- 230
201 -- 1147
202 -- 1856
202 -- 3778
202 -- 3899
202 -- 2309
202 -- 2194
204 -- 3962
205 -- 329
206 -- 1948
206 -- 2325
206 -- 390
207 -- 1657
207 -- 3762
207 -- 523
207 -- 3855
208 -- 1873
208 -- 782
209 -- 3787
210 -- 2121
210 -- 1394
210 -- 2767
210 -- 1542
210 -- 2287
211 -- 2624
211 -- 3944
211 -- 347
211 -- 220
212 -- 2720
212 -- 2146
212 -- 403
213 -- 418
213 -- 363
213 -- 1638
213 -- 3735
214 -- 1098
214 -- 3419
214 -- 2756
214 -- 221
215 -- 3105
215 -- 2333
215 -- 1079
216 -- 1454
217 -- 2137
217 -- 468
217 -- 1089
218 -- 760
218 -- 2859
218 -- 2170
218 -- 1011
218 -- 2965
219 -- 2776
219 -- 2704
219 -- 706
219 -- 1389
220 -- 1299
220 -- 1832
220 -- 362
220 -- 333
220 -- 1357
220 -- 3281
220 -- 3818
220 -- 2174
221 -- 1152
221 -- 1917
222 -- 576
222 -- 964
222 -- 2380
222 -- 3597
222 -- 657
222 -- 1267
223 -- 2865
223 -- 2218
223 -- 3014
223 -- 2438
224 -- 1568
224 -- 1659
225 -- 2945
225 -- 3962
226 -- 337
226 -- 1354
226 -- 2244
226 -- 3823
227 -- 2120
227 -- 3059
227 -- 757
227 -- 2733
228 -- 1482
228 -- 651
228 -- 1110
228 -- 727
229 -- 3386
229 -- 2531
229 -- 2796
230 -- 1464
230 -- 1539
230 -- 2756
230 -- 598
231 -- 3040
231 -- 3691
231 -- 371
231 -- 536
231 -- 3034
231 -- 1020
233 -- 728
233 -- 3960
233 -- 3922
233 -- 3850
233 -- 2773
234 -- 3964
234 -- 3605
234 -- 1199
235 -- 1617
235 -- 2605
236 -- 2687
236 -- 1378
236 -- 3039
236 -- 3341
236 -- 2903
237 -- 1123
237 -- 732
237 -- 1246
238 -- 1057
238 -- 2642
239 -- 480
239 -- 2372
239 -- 1478
239 -- 1564
239 -- 3173
240 -- 450
240 -- 3844
240 -- 328
240 -- 3507
240 -- 2294
240 -- 1017
240 -- 2427
241 -- 2406
242 -- 1776
242 -- 3898
242 -- 1070
243 -- 2233
243 -- 874
243 -- 3710
243 -- 430
243 -- 1983
244 -- 2978
244 -- 2860
244 -- 862
245 -- 2929
245 -- 2930
245 -- 2586
245 -- 3847
246 -- 368
246 -- 2042
247 -- 321
247 -- 2324
248 -- 2016
248 -- 3893
249 -- 3841
249 -- 498
250 -- 1169
250 -- 315
250 -- 1141
250 -- 2582
251 -- 3169
251 -- 3850
251 -- 3718
252 -- 3525
252 -- 1326
252 -- 367
252 -- 2868
252 -- 853
252 -- 2511
252 -- 2991
253 -- 1256
253 -- 913
254 -- 864
254 -- 524
254 -- 3119
255 -- 3688
255 -- 1421
256 -- 2033
256 -- 316
256 -- 1030
256 -- 1615
257 -- 1628
258 -- 1117
259 -- 3024
259 -- 3072
259 -- 1013
259 -- 414
260 -- 2497
260 -- 923
260 -- 3721
260 -- 1614
260 -- 3739
260 -- 316
261 -- 2112
261 -- 561
261 -- 1575
262 -- 930
262 -- 2781
262 -- 2450
263 -- 2058
263 -- 1782
265 -- 2512
265 -- 1862
266 -- 2682
266 -- 343
267 -- 866
268 -- 635
268 -- 580
268 -- 2358
269 -- 1451
269 -- 3340
271 -- 1105
271 -- 439
271 -- 1727
272 -- 995
272 -- 2980
272 -- 3382
272 -- 894
273 -- 2698
273 -- 1763
273 -- 2890
273 -- 442
273 -- 2797
274 -- 720
274 -- 321
274 -- 1042
274 -- 3162
275 -- 3155
275 -- 3109
276 -- 2248
276 -- 2434
276 -- 570
276 -- 2550
276 -- 1935
277 -- 2281
277 -- 2466
277 -- 2147
277 -- 1628
277 -- 2125
278 -- 976
278 -- 2733
278 -- 1126
280 -- 3316
280 -- 2771
280 -- 1228
281 -- 1354
281 -- 3467
281 -- 1909
281 -- 3811
282 -- 689
282 -- 2350
282 -- 3550
282 -- 1333
283 -- 1378
283 -- 2695
283 -- 3210
283 -- 331
283 -- 460
283 -- 1202
284 -- 306
284 -- 2523
284 -- 3477
285 -- 2210
285 -- 1533
286 -- 3185
287 -- 1417
288 -- 1578
288 -- 3667
288 -- 1935
288 -- 557
288 -- 2693
289 -- 3645
289 -- 655
290 -- 1658
290 -- 1012
290 -- 3933
290 -- 1655
291 -- 2664
291 -- 1399
291 -- 3351
292 -- 1140
292 -- 351
292 -- 924
292 -- 2799
293 -- 588
293 -- 2115
293 -- 2948
293 -- 3055
294 -- 2456
294 -- 1072
294 -- 3978
295 -- 2720
295 -- 3036
295 -- 335
295 -- 1116
295 -- 1880
295 -- 3804
296 -- 3809
296 -- 1947
296 -- 1118
297 -- 3126
297 -- 1934
298 -- 3227
299 -- 1817
299 -- 3266
299 -- 2975
300 -- 2520
300 -- 1697
301 -- 604
302 -- 560
302 -- 1452
302 -- 1911
303 -- 2096
304 -- 2912
304 -- 1129
304 -- 3916
304 -- 2041
305 -- 2648
305 -- 2439
305 -- 1861
305 -- 2535
306 -- 2757
306 -- 806
306 -- 1783
307 -- 1160
307 -- 1432
308 -- 1842
308 -- 3387
308 -- 3174
309 -- 3883
309 -- 3117
309 -- 1031
310 -- 2689
310 -- 746
310 -- 653
310 -- 3111
311 -- 1209
311 -- 851
311 -- 3044
311 -- 1277
311 -- 582
312 -- 2489
312 -- 1393
312 -- 3293
312 -- 2455
313 -- 2735
314 -- 1397
314 -- 846
314 -- 3885
315 -- 2176
315 -- 1732
315 -- 2984
315 -- 475
315 -- 2271
316 -- 881
316 -- 970
317 -- 2610
317 -- 502
317 -- 335
318 -- 2388
318 -- 1637
318 -- 3094
319 -- 3099
319 -- 3315
320 -- 3688
320 -- 2937
320 -- 1283
321 -- 545
321 -- 691
321 -- 3369
322 -- 641
322 -- 3106
322 -- 3807
323 -- 2507
323 -- 2166
324 -- 432
324 -- 3484
324 -- 862
325 -- 2889
325 -- 3268
325 -- 3750
325 -- 1191
326 -- 617
326 -- 1203
326 -- 1890
326 -- 1645
327 -- 1561
327 -- 468
327 -- 2686
328 -- 2060
329 -- 3826
329 -- 1907
330 -- 1446
331 -- 1948
332 -- 2242
332 -- 428
333 -- 3848
333 -- 1961
333 -- 3436
333 -- 1591
333 -- 504
334 -- 2225
334 -- 2970
335 -- 1962
335 -- 3454
335 -- 3718
336 -- 2705
336 -- 1342
338 -- 1650
339 -- 1669
340 -- 1512
340 -- 1729
340 -- 3491
340 -- 1390
340 -- 777
341 -- 2451
341 -- 1492
342 -- 560
343 -- 2657
343 -- 2452
343 -- 1127
344 -- 739
344 -- 1477
344 -- 2270
345 -- 2000
345 -- 2994
346 -- 456
346 -- 1481
346 -- 1851
346 -- 2950
347 -- 3256
347 -- 788
347 -- 2548
347 -- 2251
348 -- 3363
348 -- 3846
348 -- 1563
348 -- 3141
348 -- 1214
349 -- 2392
349 -- 2515
349 -- 477
349 -- 3934
351 -- 968
351 -- 1625
351 -- 1758
352 -- 3302
353 -- 650
353 -- 3438
354 -- 3314
354 -- 2925
354 -- 3037
354 -- 1454
354 -- 1757
355 -- 2129
355 -- 2051
356 -- 3258
356 -- 2378
356 -- 698
357 -- 2961
357 -- 1859
357 -- 2366
357 -- 1545
358 -- 370
358 -- 2114
359 -- 554
359 -- 3710
360 -- 2164
360 -- 2998
361 -- 3336
361 -- 730
361 -- 3004
361 -- 3517
361 -- 1526
362 -- 3955
362 -- 3061
363 -- 1777
363 -- 2851
363 -- 461
363 -- 1807
364 -- 1636
364 -- 1678
365 -- 508
365 -- 3894
365 -- 3503
366 -- 3257
366 -- 1005
366 -- 2615
367 -- 3764
367 -- 1290
367 -- 2563
367 -- 1313
368 -- 3068
368 -- 2687
369 -- 539
369 -- 1191
370 -- 1848
371 -- 1708
372 -- 656
372 -- 3993
372 -- 572
372 -- 535
373 -- 442
373 -- 3700
374 -- 1292
375 -- 1417
375 -- 2123
375 -- 1188
376 -- 3609
376 -- 1923
377 -- 2566
378 -- 3361
378 -- 3837
379 -- 871
379 -- 3720
379 -- 2156
379 -- 914
379 -- 2099
379 -- 3924
379 -- 2745
379 -- 2911
380 -- 2464
381 -- 2640
381 -- 419
381 -- 3901
382 -- 1452
383 -- 2720
383 -- 1478
383 -- 2376
383 -- 893
383 -- 1395
383 -- 541
384 -- 2680
384 -- 3450
384 -- 3596
384 -- 3454
385 -- 1648
385 -- 859
385 -- 3375
385 -- 3845
385 -- 3647
386 -- 1990
386 -- 3473
386 -- 813
386 -- 1102
387 -- 549
388 -- 937
388 -- 1575
389 -- 3296
389 -- 954
389 -- 3667
389 -- 1698
389 -- 3678
390 -- 1264
390 -- 3240
390 -- 3414
391 -- 1867
391 -- 3123
392 -- 2944
392 -- 593
392 -- 3218
392 -- 3683
392 -- 2241
393 -- 3584
393 -- 1585
393 -- 572
393 -- 3664
393 -- 1479
394 -- 3836
394 -- 2476
395 -- 3968
395 -- 656
395 -- 1040
395 -- 2991
396 -- 3690
396 -- 1995
396 -- 538
396 -- 2535
397 -- 444
397 -- 3709
397 -- 446
398 -- 3013
399 -- 685
401 -- 432
401 -- 977
401 -- 2083
401 -- 989
401 -- 1815
402 -- 3356
402 -- 2998
403 -- 3947
403 -- 1957
403 -- 1325
404 -- 3072
404 -- 1653
404 -- 1535
405 -- 3555
406 -- 3394
406 -- 3453
407 -- 1436
408 -- 2280
408 -- 1704
409 -- 1008
409 -- 532
409 -- 909
409 -- 3119
411 -- 1123
411 -- 611
411 -- 1924
412 -- 1633
412 -- 854
413 -- 908
414 -- 1276
415 -- 2301
415 -- 1581
415 -- 1517
415 -- 2967
416 -- 1243
416 -- 748
416 -- 733
416 -- 2111
417 -- 3331
419 -- 3660
419 -- 1079
420 -- 2048
420 -- 2825
420 -- 1037
420 -- 2031
420 -- 1587
420 -- 3023
420 -- 3027
421 -- 2842
421 -- 3114
421 -- 2245
421 -- 1855
422 -- 1488
423 -- 2809
423 -- 2343
424 -- 1106
424 -- 3923
425 -- 3145
425 -- 2162
425 -- 2674
425 -- 3796
425 -- 1305
425 -- 2399
426 -- 1157
426 -- 1261
427 -- 2035
427 -- 1740
427 -- 1574
427 -- 2838
428 -- 1024
428 -- 2988
428 -- 3466
428 -- 3596
428 -- 1709
429 -- 1157
430 -- 3632
431 -- 974
432 -- 2118
432 -- 1483
432 -- 813
432 -- 2128
433 -- 1506
433 -- 2798
434 -- 1008
434 -- 3411
434 -- 859
434 -- 2264
435 -- 3669
435 -- 542
435 -- 1223
436 -- 992
436 -- 802
436 -- 1420
437 -- 3978
437 -- 1972
437 -- 1365
438 -- 712
438 -- 2890
438 -- 1259
438 -- 3517
438 -- 3390
438 -- 1695
439 -- 1115
439 -- 3203
440 -- 2160
440 -- 3434
440 -- 1380
440 -- 3445
440 -- 3350
441 -- 3120
441 -- 2283
442 -- 1809
442 -- 3937
442 -- 574
443 -- 3762
444 -- 665
444 -- 2245
444 -- 1577
445 -- 2979
445 -- 2404
445 -- 729
445 -- 891
445 -- 1727
446 -- 1764
446 -- 2043
446 -- 1068
446 -- 3775
447 -- 3497
447 -- 622
448 -- 500
449 -- 3908
449 -- 3498
449 -- 3851
449 -- 2221
449 -- 1453
449 -- 1683
449 -- 1688
450 -- 1304
450 -- 3347
450 -- 1620
450 -- 2739
451 -- 1601
451 -- 690
451 -- 575
452 -- 865
452 -- 1077
452 -- 1974
452 -- 2351
453 -- 2459
453 -- 1477
454 -- 3861
454 -- 1038
455 -- 2897
455 -- 754
456 -- 828
456 -- 3924
456 -- 2386
457 -- 3091
457 -- 3948
457 -- 1517
457 -- 1038
457 -- 2993
457 -- 2675
458 -- 1996
459 -- 712
459 -- 986
459 -- 3499
460 -- 3144
460 -- 2003
461 -- 2440
461 -- 1331
461 -- 1498
462 -- 2745
462 -- 2426
462 -- 1482
462 -- 3390
463 -- 1984
463 -- 963
463 -- 2185
463 -- 2764
463 -- 2318
463 -- 3024
463 -- 2868
464 -- 1204
464 -- 2629
465 -- 640
465 -- 928
465 -- 2324
465 -- 3496
465 -- 490
465 -- 3279
465 -- 2963
465 -- 1396
465 -- 1272
465 -- 2297
466 -- 1768
466 -- 3425
466 -- 3931
467 -- 1661
467 -- 3269
468 -- 688
469 -- 1970
469 -- 2335
470 -- 3886
470 -- 3862
470 -- 1166
471 -- 578
472 -- 829
472 -- 727
473 -- 1354
473 -- 2876
473 -- 1669
473 -- 1719
474 -- 761
474 -- 631
474 -- 2622
474 -- 3727
475 -- 1012
476 -- 851
477 -- 3851
477 -- 1414
478 -- 523
478 -- 1308
478 -- 1391
479 -- 2657
479 -- 3647
480 -- 2609
480 -- 1985
480 -- 1483
481 -- 3848
481 -- 914
482 -- 2256
482 -- 1307
482 -- 3309
483 -- 1555
483 -- 1676
483 -- 1237
485 -- 732
485 -- 3708
485 -- 3399
486 -- 3593
486 -- 1183
486 -- 3245
486 -- 1213
487 -- 1440
487 -- 2228
488 -- 2056
488 -- 3798
489 -- 1505
489 -- 755
489 -- 1927
490 -- 2601
490 -- 2941
491 -- 1051
491 -- 2537
491 -- 1587
491 -- 1877
491 -- 2953
491 -- 3099
493 -- 762
493 -- 3647
494 -- 1082
494 -- 740
495 -- 816
495 -- 1044
496 -- 2467
496 -- 1253
496 -- 1354
496 -- 498
496 -- 2643
496 -- 1566
497 -- 2978
497 -- 1807
499 -- 3330
499 -- 1380
499 -- 1416
499 -- 875
499 -- 1998
499 -- 3728
499 -- 3162
500 -- 2658
500 -- 1219
500 -- 2692
500 -- 2054
500 -- 2476
500 -- 814
500 -- 2870
500 -- 2462
500 -- 3839
501 -- 2794
501 -- 3605
502 -- 3233
502 -- 2658
502 -- 1956
502 -- 2413
503 -- 834
503 -- 2014
503 -- 3135
504 -- 1797
504 -- 3816
504 -- 3850
504 -- 3438
504 -- 1878
505 -- 2017
505 -- 763
505 -- 3261
506 -- 3323
506 -- 1613
507 -- 3584
507 -- 2285
507 -- 3030
507 -- 1077
508 -- 2274
509 -- 1680
510 -- 2032
510 -- 3004
511 -- 3966
511 -- 2526
513 -- 2154
513 -- 3340
513 -- 2262
514 -- 1776
514 -- 686
514 -- 3711
515 -- 3283
516 -- 807
516 -- 3583
516 -- 3141
516 -- 3870
516 -- 2647
517 -- 1632
517 -- 2371
517 -- 1738
517 -- 3056
517 -- 3571
517 -- 1786
517 -- 2747
518 -- 3712
518 -- 1165
518 -- 1494
518 -- 661
519 -- 2686
519 -- 3111
520 -- 3640
520 -- 1417
520 -- 2874
521 -- 2912
521 -- 3001
521 -- 1731
521 -- 1817
522 -- 726
524 -- 3260
525 -- 3233
525 -- 3738
525 -- 2261
525 -- 3223
526 -- 2504
526 -- 3169
527 -- 3184
528 -- 2795
528 -- 3405
528 -- 3662
528 -- 2531
529 -- 1794
529 -- 2955
529 -- 2740
529 -- 2614
529 -- 2287
530 -- 3640
530 -- 1441
530 -- 2419
530 -- 3692
531 -- 594
531 -- 3875
532 -- 578
532 -- 1411
532 -- 714
532 -- 2617
532 -- 1786
533 -- 1282
533 -- 2580
534 -- 3857
534 -- 1444
534 -- 3133
534 -- 3590
536 -- 3186
536 -- 2027
536 -- 2500
536 -- 1397
537 -- 3250
537 -- 1755
537 -- 2420
539 -- 2083
539 -- 2371
539 -- 2021
539 -- 881
540 -- 572
540 -- 3462
541 -- 3176
541 -- 3668
541 -- 2911
541 -- 1908
542 -- 792
542 -- 3823
543 -- 2801
543 -- 2998
544 -- 2481
544 -- 3642
545 -- 3216
545 -- 3587
545 -- 3271
546 -- 3817
546 -- 2362
546 -- 2092
546 -- 762
547 -- 3634
547 -- 1564
547 -- 781
547 -- 967
548 -- 817
548 -- 2063
549 -- 576
549 -- 3894
550 -- 3986
550 -- 2934
550 -- 2245
550 -- 3742
550 -- 1429
551 -- 1749
552 -- 1364
552 -- 1964
552 -- 1556
552 -- 2214
553 -- 2586
553 -- 2691
553 -- 3582
554 -- 3803
554 -- 2724
554 -- 3251
555 -- 3308
557 -- 2378
557 -- 2131
558 -- 1622
558 -- 3991
559 -- 2626
559 -- 1694
560 -- 2729
560 -- 3213
560 -- 3246
561 -- 2254
562 -- 3584
562 -- 3770
562 -- 2918
562 -- 3790
562 -- 3346
564 -- 928
564 -- 856
564 -- 943
565 -- 1953
565 -- 2821
565 -- 2967
565 -- 1262
565 -- 2262
565 -- 2263
565 -- 3708
566 -- 3021
566 -- 2405
567 -- 1097
567 -- 667
568 -- 1339
569 -- 1319
569 -- 2711
569 -- 3844
569 -- 2879
570 -- 1185
570 -- 3762
571 -- 2541
571 -- 3381
572 -- 746
572 -- 939
573 -- 2669
574 -- 1601
574 -- 1386
574 -- 2125
574 -- 1566
575 -- 1157
575 -- 663
576 -- 3523
576 -- 2989
576 -- 3763
576 -- 3448
577 -- 656
577 -- 717
577 -- 3055
578 -- 703
578 -- 2294
579 -- 2841
579 -- 1438
580 -- 3379
581 -- 3113
581 -- 2494
582 -- 2184
582 -- 1217
583 -- 1210
584 -- 3513
584 -- 3545
584 -- 3657
585 -- 3977
586 -- 1301
586 -- 1447
587 -- 704
587 -- 952
587 -- 594
588 -- 2512
588 -- 1744
588 -- 3634
588 -- 3524
589 -- 2274
589 -- 3261
589 -- 3855
591 -- 3996
591 -- 3236
591 -- 3293
592 -- 2713
592 -- 3234
592 -- 3534
593 -- 635
594 -- 1996
595 -- 837
597 -- 3977
597 -- 2622
598 -- 1116
598 -- 2134
599 -- 2170
599 -- 2662
600 -- 987
600 -- 3173
601 -- 1427
601 -- 1052
602 -- 1867
602 -- 1591
603 -- 3171
603 -- 1452
603 -- 733
603 -- 1918
604 -- 2529
605 -- 1127
605 -- 3048
605 -- 1963
605 -- 3793
605 -- 3016
606 -- 3168
606 -- 1692
607 -- 3106
608 -- 1472
608 -- 2889
608 -- 1340
608 -- 2462
608 -- 1052
609 -- 3792
609 -- 707
609 -- 1572
609 -- 2709
611 -- 1686
612 -- 2480
612 -- 3017
612 -- 1597
613 -- 2418
614 -- 1627
616 -- 2305
616 -- 1791
616 -- 1959
617 -- 765
618 -- 3219
618 -- 2854
619 -- 913
619 -- 1223
619 -- 2321
619 -- 1301
619 -- 1401
619 -- 2713
619 -- 3738
620 -- 986
620 -- 2719
622 -- 2419
622 -- 1642
622 -- 3111
623 -- 2245
624 -- 899
624 -- 3940
625 -- 1072
625 -- 902
626 -- 1629
626 -- 2527
627 -- 1416
627 -- 2945
627 -- 1177
628 -- 1617
628 -- 2404
628 -- 3189
629 -- 1779
629 -- 2037
629 -- 3206
630 -- 3098
630 -- 3533
630 -- 2718
631 -- 3200
631 -- 2825
631 -- 3110
632 -- 2196
632 -- 2251
632 -- 3228
632 -- 687
633 -- 641
633 -- 2126
633 -- 726
634 -- 1402
634 -- 2750
635 -- 3704
636 -- 1483
636 -- 2566
636 -- 3070
637 -- 2362
638 -- 3443
638 -- 966
638 -- 3470
640 -- 3527
641 -- 1387
642 -- 2411
642 -- 3869
643 -- 1302
644 -- 2465
644 -- 3050
644 -- 2490
645 -- 1192
645 -- 1490
645 -- 1923
646 -- 2322
647 -- 2210
647 -- 2906
647 -- 3678
648 -- 1298
648 -- 982
648 -- 1943
649 -- 2274
649 -- 3550
650 -- 3106
650 -- 1813
650 -- 2918
651 -- 1785
651 -- 3215
652 -- 1588
652 -- 3885
652 -- 934
652 -- 654
653 -- 1313
653 -- 2849
653 -- 1141
653 -- 3249
655 -- 2521
655 -- 1341
656 -- 3474
656 -- 2555
656 -- 1341
657 -- 2968
657 -- 1217
657 -- 3537
658 -- 3025
659 -- 2802
659 -- 2180
659 -- 2166
659 -- 2575
660 -- 1529
661 -- 1963
661 -- 1286
662 -- 1145
663 -- 2747
664 -- 3841
664 -- 3466
665 -- 1433
665 -- 677
666 -- 2960
666 -- 817
666 -- 3080
666 -- 1573
666 -- 3166
667 -- 1896
667 -- 1701
668 -- 2251
669 -- 3060
669 -- 2718
669 -- 2102
669 -- 735
670 -- 832
672 -- 2585
672 -- 3714
672 -- 2838
673 -- 2268
673 -- 3599
674 -- 3934
675 -- 1202
675 -- 2180
675 -- 1861
676 -- 3188
676 -- 2965
676 -- 2653
677 -- 2745
677 -- 1578
677 -- 1238
677 -- 2654
678 -- 2035
679 -- 2043
679 -- 3547
680 -- 1400
680 -- 837
681 -- 2553
681 -- 1180
681 -- 2943
683 -- 3960
683 -- 2441
683 -- 973
684 -- 1283
684 -- 2164
684 -- 1933
686 -- 2758
686 -- 3786
686 -- 1995
686 -- 2549
686 -- 3262
688 -- 2176
688 -- 3753
688 -- 2071
688 -- 2488
689 -- 1453
689 -- 2366
689 -- 975
690 -- 2555
690 -- 3254
690 -- 1159
691 -- 3106
692 -- 2265
692 -- 1821
692 -- 1542
692 -- 1999
693 -- 1744
693 -- 3728
694 -- 3666
694 -- 3250
694 -- 3015
695 -- 1745
695 -- 2083
695 -- 1119
697 -- 2217
697 -- 1077
697 -- 2463
698 -- 3240
699 -- 2086
700 -- 2976
700 -- 3306
701 -- 3503
702 -- 2657
702 -- 1141
702 -- 2671
703 -- 2693
703 -- 941
703 -- 1863
704 -- 1784
704 -- 2996
704 -- 1212
704 -- 3207
705 -- 1888
705 -- 717
706 -- 1090
706 -- 2389
706 -- 2072
706 -- 1817
706 -- 1854
707 -- 2923
707 -- 1702
708 -- 1872
708 -- 3026
708 -- 3242
708 -- 1094
710 -- 2985
710 -- 3038
711 -- 1501
712 -- 3225
712 -- 1790
713 -- 2697
713 -- 1235
713 -- 2068
714 -- 2201
714 -- 3803
714 -- 2319
715 -- 3120
715 -- 3228
716 -- 891
716 -- 2148
717 -- 2692
717 -- 977
717 -- 3565
717 -- 909
717 -- 1393
718 -- 2875
718 -- 805
718 -- 2407
719 -- 2428
720 -- 3075
721 -- 2048
721 -- 3678
722 -- 1928
722 -- 2980
722 -- 2741
722 -- 2646
722 -- 1341
724 -- 1465
725 -- 2113
725 -- 2082
725 -- 1641
725 -- 2494
725 -- 2263
725 -- 2430
726 -- 897
726 -- 3312
726 -- 1564
726 -- 2442
727 -- 3239
727 -- 3415
728 -- 1192
728 -- 3577
728 -- 1096
728 -- 734
730 -- 2155
730 -- 3748
730 -- 1246
730 -- 3167
731 -- 2865
731 -- 1155
731 -- 2093
732 -- 1753
732 -- 2083
733 -- 1616
733 -- 1290
733 -- 3618
734 -- 802
735 -- 3747
735 -- 2646
735 -- 3966
736 -- 2976
736 -- 1530
736 -- 3887
736 -- 3063
737 -- 3272
737 -- 1676
737 -- 2407
738 -- 3306
738 -- 740
738 -- 1646
738 -- 1703
739 -- 2401
739 -- 1081
740 -- 3979
740 -- 2891
740 -- 1391
740 -- 2418
740 -- 3255
741 -- 2343
742 -- 2276
742 -- 3596
742 -- 3697
743 -- 1340
743 -- 1070
743 -- 1391
744 -- 3924
744 -- 2348
744 -- 1575
745 -- 3520
745 -- 3956
745 -- 2702
745 -- 1902
746 -- 2552
747 -- 3838
748 -- 975
749 -- 2521
749 -- 2354
749 -- 3611
749 -- 3909
749 -- 1423
750 -- 1372
750 -- 3134
752 -- 2828
754 -- 2495
755 -- 3691
755 -- 2844
755 -- 3181
755 -- 3389
756 -- 1549
758 -- 3417
759 -- 3992
759 -- 3453
759 -- 1039
760 -- 1761
761 -- 3528
761 -- 1382
762 -- 1600
762 -- 3970
762 -- 2893
762 -- 3600
762 -- 2520
763 -- 1794
763 -- 2481
764 -- 1847
764 -- 2235
764 -- 2037
764 -- 2991
765 -- 880
765 -- 862
766 -- 2648
766 -- 2593
767 -- 960
767 -- 3377
767 -- 2098
767 -- 955
767 -- 3607
768 -- 1713
769 -- 1048
769 -- 2012
769 -- 1267
769 -- 3340
769 -- 2573
770 -- 3304
770 -- 806
771 -- 2754
771 -- 2307
772 -- 2408
773 -- 2808
773 -- 1144
773 -- 1276
773 -- 3678
773 -- 1032
774 -- 2200
775 -- 2196
775 -- 2221
775 -- 2671
776 -- 2426
776 -- 3701
776 -- 3429
777 -- 3379
777 -- 2406
778 -- 3643
778 -- 3087
780 -- 3384
780 -- 1744
780 -- 1423
781 -- 2133
781 -- 3135
783 -- 1937
783 -- 3109
784 -- 3636
784 -- 2202
784 -- 2556
785 -- 1792
785 -- 2687
786 -- 3233
786 -- 1706
786 -- 1553
787 -- 1744
787 -- 2370
787 -- 2860
788 -- 1571
788 -- 3528
788 -- 1516
788 -- 2898
788 -- 1219
790 -- 944
790 -- 2738
790 -- 932
790 -- 1991
791 -- 1926
791 -- 2120
791 -- 1110
791 -- 2047
792 -- 1106
792 -- 3283
792 -- 3972
793 -- 2788
793 -- 3239
794 -- 2220
795 -- 2635
796 -- 2583
797 -- 3002
797 -- 3228
797 -- 3434
798 -- 1841
798 -- 3118
798 -- 1015
799 -- 864
799 -- 2694
799 -- 3297
801 -- 2364
802 -- 2659
802 -- 1030
802 -- 2895
802 -- 2164
803 -- 3618
803 -- 1379
803 -- 1061
803 -- 1512
803 -- 3723
803 -- 3504
803 -- 2621
804 -- 3740
805 -- 1208
806 -- 3544
806 -- 3211
806 -- 1174
807 -- 2936
807 -- 3397
808 -- 1885
808 -- 3222
809 -- 3496
809 -- 825
809 -- 3878
809 -- 3415
810 -- 1141
810 -- 1295
811 -- 890
811 -- 2870
811 -- 3255
812 -- 2688
813 -- 1781
813 -- 3582
814 -- 2472
814 -- 2163
814 -- 3563
815 -- 1161
815 -- 2471
816 -- 1106
818 -- 1739
818 -- 3422
818 -- 2743
819 -- 3524
819 -- 2339
819 -- 1148
820 -- 2694
821 -- 3955
821 -- 3894
821 -- 3135
822 -- 872
822 -- 2149
822 -- 3389
823 -- 1171
823 -- 2612
823 -- 2925
823 -- 2695
824 -- 3001
824 -- 2582
824 -- 839
826 -- 3636
826 -- 2618
826 -- 1772
826 -- 2367
827 -- 906
827 -- 3373
828 -- 992
828 -- 3364
829 -- 1495
829 -- 1455
829 -- 1783
829 -- 1913
829 -- 2847
830 -- 2611
830 -- 1078
831 -- 2956
831 -- 1076
832 -- 3777
832 -- 3669
832 -- 1151
833 -- 3664
833 -- 2561
833 -- 3039
834 -- 2352
834 -- 2907
834 -- 2380
835 -- 1768
836 -- 2023
837 -- 3601
838 -- 3817
838 -- 1684
838 -- 926
838 -- 2391
839 -- 2435
839 -- 3528
839 -- 3065
839 -- 1311
840 -- 3233
840 -- 3429
840 -- 3646
840 -- 2081
841 -- 3873
841 -- 2963
841 -- 1583
842 -- 2264
842 -- 2035
843 -- 932
844 -- 1920
844 -- 3794
844 -- 1899
844 -- 3095
845 -- 2153
845 -- 1927
845 -- 3087
846 -- 2081
846 -- 3324
846 -- 3271
847 -- 2168
847 -- 3986
847 -- 1612
847 -- 1933
847 -- 1434
848 -- 1513
848 -- 2363
848 -- 3249
848 -- 3342
848 -- 3231
849 -- 2801
850 -- 2143
851 -- 3391
852 -- 3603
852 -- 3643
853 -- 1520
854 -- 922
854 -- 3863
855 -- 2817
855 -- 1250
856 -- 3262
856 -- 1751
857 -- 3730
857 -- 3039
858 -- 3421
858 -- 1415
859 -- 3764
859 -- 3886
861 -- 3424
862 -- 3229
862 -- 3440
862 -- 3288
863 -- 2731
863 -- 1895
864 -- 3643
866 -- 2904
866 -- 2146
867 -- 3977
867 -- 2522
867 -- 909
868 -- 2304
868 -- 2825
868 -- 1875
868 -- 1279
869 -- 1993
869 -- 2651
869 -- 3860
869 -- 3133
870 -- 1784
870 -- 1871
871 -- 3201
871 -- 2021
871 -- 2232
871 -- 1592
871 -- 1373
873 -- 3819
873 -- 2702
873 -- 1747
874 -- 1529
874 -- 2237
874 -- 1398
874 -- 2319
875 -- 3252
875 -- 2540
876 -- 3841
876 -- 2947
876 -- 2913
876 -- 3035
876 -- 1039
877 -- 1529
877 -- 981
878 -- 953
879 -- 3369
879 -- 2839
879 -- 881
879 -- 1335
880 -- 3134
880 -- 1223
881 -- 1730
881 -- 1718
881 -- 1431
882 -- 1760
882 -- 1608
882 -- 2947
882 -- 899
882 -- 1869
883 -- 3273
883 -- 2338
883 -- 1150
883 -- 2823
884 -- 1289
884 -- 2556
884 -- 3039
885 -- 1697
885 -- 2029
885 -- 1865
886 -- 3144
886 -- 2745
886 -- 2902
886 -- 1879
887 -- 1052
888 -- 1369
888 -- 3925
888 -- 1517
889 -- 2920
889 -- 2547
889 -- 3420
890 -- 3604
890 -- 3691
890 -- 2548
890 -- 1870
891 -- 3773
892 -- 2803
892 -- 3197
892 -- 2302
894 -- 3463
895 -- 3449
895 -- 3074
895 -- 2770
895 -- 3950
895 -- 2377
896 -- 3772
897 -- 2883
898 -- 958
899 -- 2235
899 -- 3422
900 -- 2535
900 -- 3663
901 -- 3513
901 -- 1347
902 -- 1122
902 -- 948
902 -- 3045
902 -- 1441
904 -- 3916
905 -- 2782
906 -- 3682
906 -- 3157
906 -- 1871
907 -- 2746
908 -- 1656
909 -- 1026
909 -- 1067
909 -- 1972
909 -- 2518
909 -- 1790
910 -- 1696
910 -- 3723
911 -- 1801
911 -- 1755
911 -- 2759
912 -- 1337
912 -- 1259
912 -- 2949
912 -- 3535
913 -- 2444
914 -- 1795
914 -- 2024
914 -- 3945
914 -- 3001
914 -- 2133
914 -- 2169
914 -- 2935
914 -- 1593
914 -- 2365
916 -- 3040
916 -- 1160
916 -- 988
917 -- 3410
917 -- 3164
918 -- 3225
918 -- 1340
918 -- 1775
919 -- 2920
920 -- 2036
920 -- 1338
920 -- 1067
920 -- 3916
921 -- 2256
921 -- 2337
921 -- 2670
922 -- 2682
922 -- 1187
923 -- 2787
923 -- 2045
924 -- 1592
924 -- 3604
924 -- 3322
924 -- 1646
925 -- 1292
925 -- 3228
925 -- 3790
925 -- 1695
926 -- 3696
926 -- 3369
926 -- 3325
927 -- 1828
927 -- 2861
928 -- 2088
929 -- 2240
929 -- 1492
929 -- 1563
929 -- 2956
930 -- 2089
930 -- 1451
931 -- 3295
931 -- 3523
931 -- 3830
931 -- 2183
932 -- 1795
934 -- 2171
935 -- 1033
935 -- 3698
935 -- 1116
935 -- 3766
935 -- 1766
936 -- 3409
936 -- 3826
937 -- 1162
937 -- 1628
938 -- 2434
939 -- 1548
939 -- 2452
939 -- 1389
940 -- 2553
940 -- 1676
940 -- 3613
940 -- 2289
941 -- 3789
941 -- 2070
942 -- 3336
942 -- 2426
942 -- 1526
943 -- 1340
943 -- 2078
944 -- 1639
944 -- 1064
944 -- 3726
944 -- 3697
944 -- 3895
945 -- 1934
946 -- 3834
946 -- 1110
947 -- 1862
948 -- 1602
948 -- 2365
949 -- 1904
950 -- 2849
950 -- 2667
951 -- 3224
952 -- 3572
953 -- 3233
953 -- 2167
954 -- 3684
954 -- 2569
954 -- 1741
954 -- 1613
954 -- 2195
954 -- 2492
955 -- 3024
955 -- 2187
956 -- 3020
956 -- 1774
957 -- 1941
957 -- 2541
957 -- 3799
958 -- 3489
958 -- 3853
958 -- 2511
959 -- 2650
959 -- 2867
959 -- 1003
960 -- 2950
960 -- 2686
961 -- 1658
962 -- 1768
962 -- 2680
963 -- 3139
963 -- 1078
964 -- 2107
964 -- 2148
965 -- 3200
966 -- 3176
966 -- 1421
966 -- 3565
966 -- 1171
966 -- 3736
967 -- 2212
967 -- 2087
967 -- 1001
967 -- 2596
967 -- 1788
967 -- 1950
968 -- 2082
970 -- 2371
970 -- 1607
970 -- 1930
970 -- 1810
970 -- 2585
970 -- 3801
971 -- 1733
971 -- 1510
971 -- 3410
971 -- 3122
971 -- 3286
971 -- 2523
972 -- 2081
972 -- 3890
972 -- 2543
973 -- 2009
973 -- 2426
973 -- 1419
975 -- 3471
976 -- 2969
976 -- 1713
977 -- 2948
977 -- 1584
977 -- 3765
977 -- 1212
978 -- 3901
978 -- 1964
978 -- 1183
979 -- 3563
980 -- 2965
980 -- 2574
980 -- 2878
980 -- 2695
981 -- 1379
981 -- 3299
981 -- 3900
982 -- 1985
982 -- 2834
982 -- 1803
982 -- 2090
983 -- 1512
983 -- 1637
983 -- 1277
984 -- 3094
985 -- 3958
985 -- 3919
986 -- 3361
986 -- 3203
986 -- 3347
986 -- 1781
987 -- 3821
987 -- 2671
987 -- 2898
987 -- 3027
987 -- 3733
987 -- 3567
988 -- 3865
989 -- 1458
989 -- 1574
989 -- 1798
989 -- 1566
990 -- 3235
990 -- 1669
992 -- 3408
992 -- 2502
993 -- 3763
993 -- 3983
993 -- 3583
994 -- 2963
994 -- 2413
994 -- 3687
995 -- 3433
995 -- 2058
996 -- 2020
997 -- 3035
998 -- 1223
999 -- 3344
999 -- 3016
999 -- 1580
999 -- 2600
1000 -- 2675
1001 -- 2005
1001 -- 2062
1001 -- 3655
1002 -- 3303
1002 -- 3147
1002 -- 2382
1002 -- 3696
1002 -- 2227
1002 -- 3482
1003 -- 2638
1004 -- 1088
1004 -- 1275
1004 -- 1221
1005 -- 2672
1005 -- 1332
1005 -- 3237
1006 -- 3812
1007 -- 2750
1007 -- 2311
1008 -- 1706
1008 -- 1601
1009 -- 2610
1009 -- 2854
1010 -- 2512
1010 -- 2266
1010 -- 1748
1010 -- 1837
1010 -- 3374
1011 -- 2246
1012 -- 3107
1012 -- 3650
1013 -- 3692
1014 -- 2040
1014 -- 3241
1015 -- 3164
1015 -- 2820
1015 -- 2308
1015 -- 2127
1016 -- 1290
1017 -- 2065
1017 -- 3258
1017 -- 1572
1018 -- 2523
1018 -- 2095
1020 -- 3576
1020 -- 2664
1020 -- 1405
1021 -- 1056
1021 -- 3498
1022 -- 3822
1023 -- 3490
1023 -- 3971
1023 -- 2287
1024 -- 3304
1024 -- 3723
1024 -- 2174
1025 -- 1426
1025 -- 2199
1026 -- 3756
1027 -- 1345
1027 -- 1231
1027 -- 2495
1028 -- 1991
1029 -- 1513
1029 -- 2157
1030 -- 1888
1030 -- 1542
1030 -- 3949
1030 -- 2460
1031 -- 1088
1031 -- 3459
1031 -- 3303
1032 -- 2970
1032 -- 2223
1034 -- 2009
1034 -- 2980
1034 -- 3829
1034 -- 2934
1036 -- 1519
1037 -- 2083
1037 -- 3014
1037 -- 1263
1037 -- 2678
1037 -- 1470
1038 -- 1777
1038 -- 3476
1038 -- 1270
1038 -- 3515
1038 -- 3160
1039 -- 3683
1039 -- 2716
1039 -- 1318
1040 -- 3601
1040 -- 1765
1040 -- 1301
1041 -- 1889
1041 -- 1495
1041 -- 3372
1041 -- 1527
1041 -- 2488
1041 -- 1178
1042 -- 1920
1043 -- 2822
1043 -- 3495
1044 -- 3212
1045 -- 3537
1045 -- 3586
1047 -- 2947
1047 -- 1389
1047 -- 2094
1047 -- 3511
1048 -- 1184
1048 -- 1688
1049 -- 1819
1049 -- 1939
1049 -- 2731
1049 -- 3283
1049 -- 3263
1050 -- 1521
1050 -- 3718
1050 -- 1921
1051 -- 3799
1052 -- 1952
1052 -- 3588
1052 -- 2761
1052 -- 1487
1052 -- 3288
1052 -- 2650
1052 -- 1054
1053 -- 2184
1053 -- 3040
1053 -- 1906
1053 -- 3867
1053 -- 3372
1054 -- 3716
1054 -- 3212
1056 -- 2016
1056 -- 1082
1056 -- 2038
1057 -- 2841
1058 -- 2773
1058 -- 1855
1059 -- 2700
1060 -- 1885
1060 -- 1574
1061 -- 2158
1062 -- 2843
1062 -- 1750
1063 -- 2842
1064 -- 1768
1064 -- 1842
1065 -- 2072
1065 -- 2717
1065 -- 1439
1065 -- 3349
1065 -- 1543
1067 -- 3279
1067 -- 3090
1067 -- 1935
1067 -- 1693
1068 -- 3685
1069 -- 1474
1069 -- 3303
1069 -- 3792
1069 -- 3025
1069 -- 2195
1069 -- 2169
1070 -- 2193
1071 -- 1538
1072 -- 3782
1072 -- 1878
1072 -- 2551
1074 -- 2760
1074 -- 3236
1074 -- 2213
1075 -- 1858
1075 -- 2923
1075 -- 3211
1075 -- 2126
1077 -- 3577
1077 -- 1855
1078 -- 3110
1078 -- 2951
1078 -- 2153
1078 -- 1327
1078 -- 3452
1078 -- 1885
1079 -- 2714
1080 -- 3305
1080 -- 3405
1081 -- 1528
1081 -- 3313
1081 -- 1179
1081 -- 1230
1082 -- 3110
1082 -- 1711
1082 -- 2873
1083 -- 3816
1083 -- 3186
1083 -- 1427
1083 -- 1150
1084 -- 1987
1084 -- 1353
1084 -- 1699
1084 -- 1369
1084 -- 2936
1084 -- 3129
1085 -- 3099
1085 -- 1836
1085 -- 2261
1086 -- 2349
1087 -- 2144
1087 -- 1257
1087 -- 2155
1087 -- 1376
1088 -- 1791
1088 -- 1733
1089 -- 2374
1089 -- 2070
1090 -- 2038
1091 -- 3553
1091 -- 1467
1091 -- 3509
1092 -- 3886
1094 -- 3307
1095 -- 3009
1095 -- 3994
1095 -- 2044
1095 -- 2697
1098 -- 2704
1098 -- 3465
1098 -- 2029
1098 -- 1159
1099 -- 1866
1099 -- 1612
1099 -- 3965
1099 -- 2166
1100 -- 1538
1100 -- 3421
1100 -- 1463
1101 -- 3569
1101 -- 2995
1102 -- 3986
1103 -- 1392
1103 -- 1484
1103 -- 2318
1104 -- 2248
1104 -- 2945
1104 -- 1302
1105 -- 2520
1105 -- 1686
1105 -- 2239
1106 -- 3767
1107 -- 2536
1107 -- 2155
1108 -- 2075
1109 -- 1962
1110 -- 1138
1111 -- 3194
1112 -- 3817
1112 -- 3143
1112 -- 3277
1112 -- 3134
1112 -- 3369
1113 -- 3607
1114 -- 2808
1114 -- 2729
1114 -- 1620
1116 -- 1347
1117 -- 3639
1118 -- 3557
1119 -- 2165
1119 -- 2950
1119 -- 3719
1120 -- 1161
1120 -- 3124
1121 -- 3010
1123 -- 2849
1123 -- 3721
1123 -- 3210
1123 -- 3723
1123 -- 2064
1123 -- 3701
1123 -- 1369
1124 -- 1928
1124 -- 3065
1124 -- 1236
1126 -- 1625
1126 -- 1199
1127 -- 3889
1127 -- 3701
1129 -- 3380
1129 -- 2528
1131 -- 3552
1131 -- 3106
1131 -- 3475
1132 -- 3236
1133 -- 3489
1133 -- 2489
1134 -- 1781
1135 -- 2913
1135 -- 2956
1135 -- 2629
1136 -- 3784
1137 -- 2321
1137 -- 3212
1138 -- 2267
1138 -- 1751
1139 -- 3326
1139 -- 2957
1140 -- 1356
1140 -- 3518
1141 -- 2534
1141 -- 2158
1143 -- 1378
1143 -- 2500
1145 -- 2429
1145 -- 1542
1145 -- 1871
1146 -- 2442
1146 -- 3205
1147 -- 1521
1148 -- 3676
1149 -- 2076
1149 -- 2502
1150 -- 3544
1150 -- 2704
1150 -- 2988
1151 -- 1673
1151 -- 3946
1151 -- 1810
1151 -- 3359
1152 -- 2723
1152 -- 3228
1153 -- 2921
1153 -- 1789
1155 -- 3455
1157 -- 3496
1157 -- 2317
1157 -- 2546
1157 -- 3772
1158 -- 3087
1158 -- 3309
1158 -- 3053
1159 -- 2925
1159 -- 3182
1159 -- 3063
1160 -- 2960
1161 -- 1314
1161 -- 2821
1161 -- 3788
1161 -- 2333
1162 -- 3128
1162 -- 1248
1163 -- 1627
1164 -- 1752
1164 -- 2995
1164 -- 3807
1164 -- 1879
1165 -- 2683
1165 -- 1562
1165 -- 3747
1166 -- 2007
1166 -- 1628
1166 -- 3439
1167 -- 2372
1168 -- 2027
1168 -- 3530
1168 -- 3376
1168 -- 2819
1168 -- 3701
1168 -- 3671
1169 -- 1380
1169 -- 3102
1169 -- 1854
1170 -- 1347
1170 -- 2308
1170 -- 2693
1170 -- 3726
1171 -- 1580
1172 -- 3496
1172 -- 3954
1172 -- 3812
1172 -- 2594
1173 -- 1280
1173 -- 1762
1173 -- 3276
1174 -- 3983
1175 -- 1342
1176 -- 3293
1178 -- 2484
1178 -- 3646
1179 -- 2549
1180 -- 2785
1180 -- 2090
1180 -- 1523
1180 -- 2934
1181 -- 1368
1181 -- 2339
1182 -- 2899
1182 -- 1380
1182 -- 1261
1183 -- 3875
1183 -- 2411
1183 -- 1980
1184 -- 1504
1184 -- 1828
1185 -- 2240
1185 -- 1289
1185 -- 1709
1186 -- 2848
1186 -- 3554
1186 -- 3925
1187 -- 2797
1188 -- 2301
1188 -- 3477
1188 -- 2390
1188 -- 3037
1188 -- 1887
1190 -- 2793
1190 -- 3427
1191 -- 3380
1192 -- 3128
1192 -- 3664
1192 -- 1886
1193 -- 2594
1193 -- 2910
1194 -- 3679
1195 -- 2556
1195 -- 3951
1196 -- 2337
1196 -- 1515
1197 -- 1940
1197 -- 1634
1197 -- 1548
1197 -- 2605
1199 -- 2914
1199 -- 2421
1200 -- 2911
1201 -- 2684
1202 -- 3898
1202 -- 3715
1202 -- 2303
1203 -- 1824
1203 -- 1549
1203 -- 2373
1205 -- 2195
1205 -- 3261
1206 -- 1548
1206 -- 3950
1206 -- 2151
1207 -- 3026
1207 -- 3795
1207 -- 2831
1208 -- 1736
1208 -- 3665
1208 -- 2641
1209 -- 1210
1210 -- 3813
1211 -- 2847
1211 -- 1571
1211 -- 3347
1211 -- 2799
1212 -- 3360
1212 -- 3014
1212 -- 3566
1212 -- 2302
1213 -- 2816
1213 -- 3810
1214 -- 2116
1214 -- 1233
1214 -- 2318
1214 -- 3103
1215 -- 3808
1215 -- 1289
1215 -- 3779
1215 -- 3247
1216 -- 3880
1216 -- 3388
1216 -- 3295
1216 -- 2375
1217 -- 2307
1217 -- 3751
1217 -- 3948
1217 -- 2899
1218 -- 2550
1220 -- 1490
1220 -- 3404
1220 -- 1309
1221 -- 3613
1222 -- 3632
1222 -- 2362
1222 -- 1467
1223 -- 2048
1223 -- 3682
1223 -- 1847
1224 -- 2424
1224 -- 1384
1224 -- 3628
1225 -- 1507
1225 -- 2963
1226 -- 1900
1226 -- 3547
1226 -- 1252
1226 -- 2374
1226 -- 2779
1227 -- 2331
1227 -- 2765
1227 -- 2829
1228 -- 1388
1230 -- 3232
1230 -- 1625
1231 -- 2728
1231 -- 2334
1231 -- 2190
1232 -- 3560
1232 -- 3900
1233 -- 3319
1234 -- 1592
1234 -- 2779
1235 -- 3128
1235 -- 3942
1235 -- 2006
1236 -- 1824
1236 -- 3872
1237 -- 2332
1237 -- 2413
1238 -- 3648
1239 -- 2752
1239 -- 3778
1239 -- 2198
1240 -- 2659
1240 -- 2181
1240 -- 3315
1240 -- 2473
1240 -- 2323
1240 -- 3166
1241 -- 3850
1241 -- 1252
1242 -- 1580
1242 -- 3037
1242 -- 3126
1243 -- 2976
1243 -- 3279
1245 -- 3448
1245 -- 2600
1245 -- 3419
1246 -- 1546
1247 -- 3626
1247 -- 3076
1248 -- 1408
1248 -- 2692
1249 -- 1643
1249 -- 3924
1250 -- 1280
1250 -- 3593
1250 -- 1921
1251 -- 3528
1251 -- 2131
1251 -- 3055
1251 -- 2991
1252 -- 2857
1252 -- 2340
1252 -- 2929
1253 -- 2965
1253 -- 1653
1254 -- 2693
1254 -- 3007
1255 -- 2072
1255 -- 2939
1255 -- 2469
1255 -- 1383
1256 -- 3559
1257 -- 2797
1258 -- 1283
1258 -- 3035
1259 -- 3055
1260 -- 2326
1261 -- 1547
1261 -- 3949
1262 -- 2639
1263 -- 3369
1263 -- 2825
1264 -- 3756
1264 -- 1809
1264 -- 1464
1264 -- 1373
1265 -- 3948
1265 -- 1678
1266 -- 3864
1266 -- 1434
1266 -- 3453
1266 -- 3090
1267 -- 3757
1267 -- 2223
1268 -- 2672
1268 -- 2041
1268 -- 1272
1269 -- 3275
1270 -- 2958
1270 -- 3647
1272 -- 3490
1272 -- 2482
1273 -- 1579
1273 -- 3470
1274 -- 3888
1274 -- 2594
1274 -- 2764
1275 -- 2345
1276 -- 2394
1277 -- 3402
1277 -- 2606
1278 -- 2560
1278 -- 2664
1278 -- 3181
1279 -- 3628
1279 -- 2354
1279 -- 2261
1279 -- 3655
1280 -- 3635
1281 -- 3687
1282 -- 3092
1282 -- 2364
1282 -- 1621
1283 -- 3412
1284 -- 3272
1284 -- 3520
1285 -- 1545
1285 -- 3852
1286 -- 2250
1286 -- 3594
1286 -- 1814
1287 -- 1736
1287 -- 2563
1287 -- 2423
1288 -- 1432
1288 -- 1617
1288 -- 1307
1289 -- 1526
1289 -- 3678
1290 -- 2144
1290 -- 2930
1291 -- 2088
1291 -- 3689
1291 -- 2626
1291 -- 2652
1291 -- 3973
1292 -- 1317
1293 -- 2547
1295 -- 2145
1295 -- 2308
1295 -- 2354
1295 -- 1582
1297 -- 2082
1297 -- 3995
1297 -- 1829
1297 -- 3463
1298 -- 2337
1298 -- 2250
1298 -- 2396
1298 -- 3286
1299 -- 2712
1299 -- 3985
1299 -- 3509
1299 -- 2385
1300 -- 2280
1300 -- 2090
1300 -- 2919
1302 -- 2010
1302 -- 2829
1303 -- 2379
1303 -- 3549
1303 -- 2029
1304 -- 3113
1304 -- 1898
1305 -- 2673
1305 -- 3886
1306 -- 3813
1306 -- 3277
1308 -- 2404
1308 -- 1966
1308 -- 1711
1309 -- 3840
1309 -- 2256
1309 -- 2155
1311 -- 2118
1312 -- 2952
1312 -- 2437
1312 -- 1869
1313 -- 3205
1313 -- 1865
1313 -- 3692
1313 -- 1813
1313 -- 2063
1313 -- 3037
1314 -- 3283
1314 -- 3957
1315 -- 3056
1315 -- 3866
1316 -- 3757
1316 -- 3007
1317 -- 1379
1318 -- 1443
1319 -- 3713
1320 -- 3593
1322 -- 1337
1323 -- 1448
1323 -- 2427
1323 -- 3508
1324 -- 3678
1325 -- 3703
1326 -- 3577
1326 -- 2090
1327 -- 2210
1327 -- 2631
1329 -- 3185
1329 -- 3355
1329 -- 2182
1329 -- 1494
1330 -- 2903
1330 -- 1494
1330 -- 1374
1330 -- 1975
1331 -- 1971
1332 -- 3356
1333 -- 1547
1333 -- 2764
1333 -- 2157
1334 -- 1963
1334 -- 2991
1335 -- 3947
1335 -- 2820
1336 -- 3338
1336 -- 1778
1337 -- 3202
1337 -- 3106
1337 -- 2333
1338 -- 1636
1338 -- 2390
1338 -- 2421
1338 -- 1882
1341 -- 1874
1341 -- 1702
1342 -- 1589
1344 -- 3200
1344 -- 2883
1346 -- 2848
1346 -- 1690
1347 -- 1993
1347 -- 2188
1347 -- 2811
1347 -- 2757
1348 -- 2086
1349 -- 3492
1349 -- 3981
1350 -- 2942
1351 -- 3200
1351 -- 2843
1352 -- 3081
1352 -- 3363
1354 -- 2533
1354 -- 1897
1354 -- 3849
1354 -- 2899
1355 -- 2696
1355 -- 2014
1355 -- 3359
1356 -- 2354
1356 -- 2190
1358 -- 2037
1358 -- 2835
1358 -- 1622
1358 -- 1638
1358 -- 1943
1359 -- 3642
1359 -- 3844
1360 -- 3831
1361 -- 3657
1361 -- 2261
1361 -- 3310
1363 -- 3397
1364 -- 2247
1365 -- 1480
1365 -- 3307
1365 -- 1828
1365 -- 3134
1366 -- 3223
1367 -- 1964
1367 -- 3597
1368 -- 3112
1368 -- 2027
1370 -- 2857
1371 -- 3916
1372 -- 1544
1372 -- 1441
1373 -- 1795
1373 -- 3220
1374 -- 3224
1375 -- 3057
1375 -- 2300
1375 -- 2308
1375 -- 3357
1376 -- 2286
1376 -- 3430
1377 -- 2012
1377 -- 1940
1378 -- 1696
1378 -- 1537
1378 -- 3140
1378 -- 3474
1378 -- 3354
1378 -- 2107
1378 -- 3482
1379 -- 2752
1379 -- 2714
1380 -- 2100
1380 -- 2717
1381 -- 2801
1384 -- 3049
1384 -- 1428
1384 -- 2145
1385 -- 2171
1387 -- 3743
1388 -- 2440
1388 -- 3444
1388 -- 2261
1388 -- 1789
1389 -- 3325
1389 -- 1970
1390 -- 3911
1391 -- 3970
1391 -- 2723
1391 -- 2615
1391 -- 3511
1391 -- 1754
1391 -- 1466
1392 -- 2856
1392 -- 1484
1393 -- 1584
1393 -- 2481
1394 -- 1410
1394 -- 2166
1395 -- 3152
1395 -- 2480
1396 -- 3473
1396 -- 2562
1396 -- 2196
1397 -- 1726
1398 -- 1408
1399 -- 2640
1401 -- 2448
1401 -- 2453
1402 -- 1716
1402 -- 2678
1403 -- 3738
1403 -- 1694
1404 -- 1464
1404 -- 3816
1404 -- 2087
1405 -- 2624
1406 -- 3185
1406 -- 1698
1407 -- 2209
1407 -- 3723
1407 -- 3735
1408 -- 1541
1409 -- 2138
1409 -- 3490
1410 -- 2365
1410 -- 1958
1411 -- 2017
1411 -- 3846
1413 -- 2835
1415 -- 3241
1415 -- 3413
1415 -- 3049
1416 -- 1651
1418 -- 2666
1418 -- 2149
1419 -- 1880
1419 -- 3788
1420 -- 2357
1421 -- 1945
1421 -- 2149
1421 -- 3725
1422 -- 3897
1422 -- 2066
1422 -- 3771
1422 -- 2490
1423 -- 1530
1424 -- 2962
1424 -- 2454
1425 -- 2280
1425 -- 3360
1425 -- 1758
1427 -- 1498
1428 -- 2908
1429 -- 1950
1430 -- 3783
1431 -- 2010
1431 -- 2249
1432 -- 3282
1432 -- 2220
1433 -- 2608
1433 -- 3645
1433 -- 2374
1435 -- 2684
1435 -- 2597
1436 -- 3563
1436 -- 3540
1437 -- 1529
1437 -- 3751
1438 -- 3643
1438 -- 3526
1438 -- 2167
1440 -- 2827
1441 -- 1882
1442 -- 2188
1442 -- 2438
1443 -- 2904
1443 -- 2304
1445 -- 2096
1445 -- 3364
1446 -- 2096
1446 -- 2628
1446 -- 3502
1446 -- 3327
1447 -- 3177
1447 -- 2372
1448 -- 2832
1448 -- 2614
1449 -- 2150
1451 -- 1480
1451 -- 3268
1452 -- 2180
1453 -- 2136
1455 -- 2906
1455 -- 2178
1455 -- 3751
1456 -- 2393
1457 -- 3697
1457 -- 1667
1457 -- 2116
1458 -- 2679
1459 -- 2816
1459 -- 2265
1459 -- 1810
1459 -- 2229
1460 -- 1896
1461 -- 3890
1461 -- 2718
1462 -- 1517
1463 -- 2724
1464 -- 1552
1464 -- 2563
1465 -- 2217
1465 -- 1605
1465 -- 3449
1466 -- 3248
1466 -- 1692
1466 -- 3180
1467 -- 2515
1468 -- 3239
1468 -- 2055
1470 -- 1956
1471 -- 1896
1471 -- 2661
1472 -- 1520
1472 -- 3586
1473 -- 3336
1473 -- 3306
1473 -- 3671
1474 -- 2305
1475 -- 2026
1475 -- 3242
1479 -- 3384
1479 -- 1892
1479 -- 3318
1479 -- 1543
1480 -- 3557
1482 -- 2195
1483 -- 3547
1484 -- 3001
1484 -- 2877
1485 -- 3216
1486 -- 3911
1488 -- 3816
1489 -- 3550
1489 -- 1911
1490 -- 2329
1490 -- 3098
1491 -- 2653
1492 -- 2461
1493 -- 3779
1493 -- 2780
1494 -- 1779
1494 -- 3287
1496 -- 3936
1496 -- 2157
1498 -- 1552
1498 -- 3194
1499 -- 1542
1500 -- 2966
1500 -- 3719
1501 -- 2342
1502 -- 3577
1502 -- 3530
1502 -- 2307
1504 -- 2481
1504 -- 2848
1506 -- 3469
1507 -- 3841
1507 -- 3580
1508 -- 3697
1508 -- 3126
1509 -- 2608
1509 -- 3202
1509 -- 3691
1510 -- 2513
1510 -- 3341
1510 -- 2917
1510 -- 2145
1511 -- 3770
1511 -- 3406
1512 -- 2704
1512 -- 3875
1513 -- 2352
1513 -- 3226
1513 -- 3803
1514 -- 1547
1515 -- 3696
1517 -- 3371
1517 -- 3704
1518 -- 2385
1518 -- 2775
1518 -- 2797
1518 -- 2885
1518 -- 1735
1520 -- 1724
1521 -- 2005
1522 -- 1900
1522 -- 3148
1522 -- 3781
1522 -- 1617
1524 -- 2751
1525 -- 2141
1525 -- 2870
1526 -- 2658
1528 -- 2240
1529 -- 2717
1529 -- 3005
1529 -- 2410
1530 -- 3298
1530 -- 2583
1531 -- 3223
1532 -- 2960
1533 -- 1671
1534 -- 2477
1534 -- 3397
1535 -- 2449
1535 -- 1851
1536 -- 3213
1537 -- 3889
1537 -- 2258
1537 -- 2971
1537 -- 3526
1538 -- 3196
1538 -- 3989
1539 -- 2307
1539 -- 3452
1539 -- 3902
1540 -- 3416
1540 -- 2955
1540 -- 3422
1540 -- 2095
1541 -- 2449
1541 -- 3782
1541 -- 2879
1543 -- 3424
1543 -- 3842
1543 -- 1878
1543 -- 1801
1543 -- 2685
1543 -- 3326
1544 -- 1881
1544 -- 2538
1544 -- 2341
1545 -- 3523
1546 -- 3643
1547 -- 3300
1547 -- 2556
1548 -- 1919
1549 -- 3884
1549 -- 2005
1550 -- 1827
1550 -- 2541
1552 -- 3822
1553 -- 3880
1553 -- 3609
1554 -- 3956
1554 -- 2300
1554 -- 1881
1555 -- 3000
1555 -- 3673
1555 -- 2346
1556 -- 1614
1557 -- 2090
1558 -- 3081
1558 -- 2738
1558 -- 1805
1558 -- 2855
1559 -- 3142
1560 -- 3921
1560 -- 3131
1560 -- 3284
1561 -- 2384
1561 -- 3994
1562 -- 2880
1562 -- 3822
1563 -- 3328
1563 -- 3559
1564 -- 3538
1564 -- 1739
1565 -- 2683
1565 -- 2163
1565 -- 3310
1566 -- 2949
1566 -- 3566
1567 -- 3141
1568 -- 2399
1569 -- 3233
1569 -- 3530
1570 -- 1993
1570 -- 1714
1570 -- 3706
1572 -- 2433
1572 -- 1899
1572 -- 3354
1573 -- 2456
1573 -- 2292
1573 -- 2453
1574 -- 3651
1574 -- 3729
1574 -- 2836
1574 -- 2564
1574 -- 1722
1574 -- 1947
1575 -- 3521
1576 -- 2867
1577 -- 3570
1577 -- 2846
1577 -- 3134
1578 -- 2180
1579 -- 2833
1579 -- 2282
1579 -- 3890
1580 -- 2547
1581 -- 3249
1581 -- 2374
1582 -- 2104
1583 -- 2034
1583 -- 3131
1584 -- 3778
1584 -- 2787
1584 -- 1816
1584 -- 3224
1585 -- 3600
1585 -- 2754
1585 -- 3341
1585 -- 2461
1586 -- 2410
1586 -- 3772
1586 -- 1861
1586 -- 2359
1587 -- 2742
1588 -- 2114
1588 -- 3323
1589 -- 3613
1590 -- 3958
1591 -- 2801
1591 -- 2483
1593 -- 3681
1594 -- 1760
1594 -- 3932
1595 -- 2240
1595 -- 2881
1595 -- 2588
1595 -- 2959
1597 -- 3762
1597 -- 3902
1597 -- 1686
1598 -- 2028
1598 -- 2750
1600 -- 2981
1601 -- 3680
1601 -- 1902
1601 -- 2450
1601 -- 3443
1602 -- 1927
1603 -- 2883
1603 -- 3830
1605 -- 3282
1605 -- 1723
1605 -- 3598
1606 -- 3744
1606 -- 1954
1606 -- 2123
1606 -- 2031
1607 -- 2072
1607 -- 3806
1609 -- 3392
1610 -- 3764
1610 -- 3406
1611 -- 2393
1611 -- 2243
1611 -- 3589
1611 -- 2502
1613 -- 3612
1613 -- 3871
1614 -- 1992
1614 -- 2822
1615 -- 3155
1615 -- 3902
1615 -- 1647
1616 -- 3785
1616 -- 2243
1616 -- 2203
1617 -- 3746
1618 -- 3651
1619 -- 2445
1620 -- 3891
1620 -- 3830
1620 -- 1727
1621 -- 2449
1621 -- 1801
1624 -- 3410
1625 -- 3522
1627 -- 2130
1628 -- 3265
1628 -- 3931
1629 -- 2603
1630 -- 2216
1630 -- 2430
1631 -- 2696
1632 -- 1729
1632 -- 1878
1633 -- 2480
1633 -- 1996
1633 -- 1994
1633 -- 1785
1634 -- 2936
1634 -- 3609
1634 -- 3413
1637 -- 2947
1637 -- 3181
1637 -- 3636
1637 -- 1968
1637 -- 3764
1637 -- 1851
1638 -- 1725
1639 -- 2772
1639 -- 2125
1640 -- 2776
1641 -- 3014
1641 -- 1929
1641 -- 3790
1641 -- 3182
1642 -- 1937
1642 -- 3143
1642 -- 3367
1643 -- 3267
1643 -- 3206
1643 -- 3468
1643 -- 2590
1643 -- 3966
1643 -- 3701
1645 -- 3330
1645 -- 1859
1645 -- 3980
1646 -- 2810
1646 -- 2281
1647 -- 1706
1647 -- 3694
1648 -- 2821
1648 -- 2983
1649 -- 3077
1650 -- 1886
1651 -- 2703
1652 -- 3609
1652 -- 3295
1653 -- 3460
1654 -- 2948
1656 -- 3652
1656 -- 2242
1657 -- 3280
1657 -- 3883
1660 -- 3168
1660 -- 3499
1660 -- 3982
1660 -- 2135
1661 -- 2041
1661 -- 2993
1662 -- 3131
1662 -- 2338
1662 -- 1867
1663 -- 2576
1663 -- 3472
1667 -- 3752
1667 -- 3969
1668 -- 3925
1669 -- 3363
1669 -- 3878
1670 -- 3594
1670 -- 3078
1671 -- 2779
1671 -- 2020
1672 -- 2010
1672 -- 3389
1673 -- 2313
1673 -- 3004
1675 -- 1980
1675 -- 3846
1675 -- 2382
1676 -- 2862
1676 -- 3766
1676 -- 2103
1677 -- 1837
1679 -- 3025
1679 -- 2554
1679 -- 1836
1680 -- 3366
1681 -- 1849
1681 -- 2563
1681 -- 2742
1681 -- 3022
1682 -- 2103
1683 -- 3299
1683 -- 2084
1683 -- 3636
1683 -- 3449
1686 -- 1698
1686 -- 3597
1686 -- 3861
1687 -- 2914
1687 -- 2355
1687 -- 2735
1688 -- 2736
1688 -- 1805
1689 -- 1856
1690 -- 3241
1690 -- 3994
1691 -- 2640
1691 -- 3569
1692 -- 2787
1692 -- 3397
1692 -- 3664
1692 -- 2583
1692 -- 3098
1692 -- 3387
1693 -- 2866
1693 -- 3758
1694 -- 2600
1694 -- 2676
1696 -- 3498
1696 -- 3586
1697 -- 1850
1698 -- 3368
1699 -- 3259
1700 -- 3979
1701 -- 2717
1701 -- 2150
1702 -- 2711
1703 -- 3786
1703 -- 3005
1703 -- 3485
1705 -- 2024
1706 -- 2759
1707 -- 3325
1707 -- 1933
1708 -- 3408
1708 -- 2016
1709 -- 3904
1709 -- 2110
1710 -- 3699
1710 -- 2563
1710 -- 3276
1711 -- 3109
1711 -- 2615
1711 -- 2072
1711 -- 3227
1712 -- 2568
1712 -- 2092
1712 -- 2261
1713 -- 1932
1714 -- 1932
1715 -- 2622
1716 -- 2220
1717 -- 3859
1717 -- 3743
1718 -- 2558
1718 -- 3942
1719 -- 2192
1719 -- 3194
1719 -- 3136
1719 -- 3620
1720 -- 2530
1720 -- 2006
1721 -- 3297
1721 -- 3379
1721 -- 3108
1722 -- 2371
1723 -- 3787
1724 -- 1949
1724 -- 2573
1724 -- 3557
1725 -- 2750
1726 -- 3770
1726 -- 2500
1726 -- 3326
1727 -- 3286
1728 -- 3954
1729 -- 3955
1730 -- 2594
1731 -- 2862
1732 -- 2325
1734 -- 3785
1736 -- 2810
1736 -- 3155
1736 -- 3174
1737 -- 2328
1739 -- 2105
1740 -- 2534
1741 -- 2736
1742 -- 2888
1743 -- 2920
1743 -- 1801
1743 -- 2766
1744 -- 3475
1745 -- 2088
1746 -- 3020
1747 -- 3000
1747 -- 2331
1747 -- 3542
1747 -- 3179
1749 -- 3673
1749 -- 3487
1750 -- 3946
1750 -- 1931
1750 -- 3154
1750 -- 3709
1752 -- 3871
1754 -- 2575
1754 -- 2242
1754 -- 1979
1754 -- 2821
1755 -- 3185
1755 -- 2875
1756 -- 2912
1756 -- 2247
1757 -- 2100
1758 -- 2596
1759 -- 3458
1759 -- 3147
1760 -- 2496
1760 -- 3860
1760 -- 2805
1761 -- 1768
1761 -- 3514
1761 -- 2327
1762 -- 3007
1763 -- 3611
1763 -- 3519
1764 -- 1837
1764 -- 1909
1765 -- 3985
1766 -- 1917
1766 -- 3638
1766 -- 2245
1767 -- 1781
1767 -- 2206
1768 -- 2016
1768 -- 3848
1768 -- 2893
1768 -- 2034
1768 -- 1919
1769 -- 2579
1769 -- 2524
1769 -- 3079
1774 -- 2967
1775 -- 3728
1775 -- 3289
1775 -- 2700
1776 -- 3273
1776 -- 3788
1776 -- 2589
1777 -- 2075
1777 -- 3429
1778 -- 3187
1780 -- 3107
1780 -- 3029
1781 -- 3372
1781 -- 2190
1783 -- 2532
1783 -- 2974
1783 -- 2935
1784 -- 2746
1785 -- 3421
1786 -- 3751
1786 -- 2346
1788 -- 2988
1788 -- 3746
1788 -- 1995
1789 -- 3112
1789 -- 3465
1789 -- 2812
1790 -- 2915
1790 -- 3795
1790 -- 2612
1790 -- 3288
1790 -- 2364
1791 -- 1801
1792 -- 3695
1792 -- 2547
1792 -- 3819
1795 -- 2344
1796 -- 3032
1796 -- 2625
1796 -- 3558
1797 -- 1989
1797 -- 3390
1799 -- 3369
1799 -- 2450
1799 -- 2443
1800 -- 3416
1800 -- 3268
1801 -- 2179
1804 -- 2048
1804 -- 2876
1804 -- 2741
1805 -- 3521
1805 -- 3779
1805 -- 2823
1805 -- 2549
1805 -- 2943
1806 -- 3302
1807 -- 2915
1808 -- 1847
1808 -- 1860
1808 -- 2103
1810 -- 3229
1811 -- 2427
1811 -- 3781
1811 -- 2054
1812 -- 2232
1812 -- 3961
1812 -- 2968
1812 -- 3122
1813 -- 2747
1813 -- 2989
1814 -- 3012
1814 -- 2429
1814 -- 2127
1815 -- 2656
1815 -- 3866
1816 -- 2118
1816 -- 2246
1817 -- 3954
1818 -- 2728
1818 -- 2860
1818 -- 3805
1820 -- 2544
1820 -- 2210
1820 -- 2909
1822 -- 2499
1822 -- 2349
1823 -- 3401
1823 -- 3018
1824 -- 2310
1825 -- 1882
1826 -- 2656
1827 -- 3934
1828 -- 3723
1829 -- 3052
1830 -- 3312
1830 -- 2002
1830 -- 3559
1831 -- 3129
1831 -- 2790
1832 -- 2193
1833 -- 3944
1833 -- 3050
1833 -- 3942
1833 -- 3719
1834 -- 2502
1835 -- 3192
1835 -- 3152
1835 -- 1972
1835 -- 2180
1836 -- 2936
1837 -- 2774
1839 -- 2447
1840 -- 2645
1841 -- 1842
1843 -- 2199
1844 -- 2273
1844 -- 2534
1844 -- 3879
1847 -- 2133
1848 -- 3552
1848 -- 2802
1848 -- 2660
1848 -- 3138
1849 -- 2851
1849 -- 2703
1849 -- 2521
1850 -- 3513
1851 -- 3112
1851 -- 1940
1855 -- 3431
1855 -- 1909
1857 -- 2259
1857 -- 2685
1858 -- 2260
1858 -- 3838
1859 -- 2601
1859 -- 3494
1860 -- 2976
1860 -- 1987
1860 -- 3241
1860 -- 2743
1862 -- 3536
1862 -- 2042
1863 -- 3866
1863 -- 2575
1863 -- 3837
1863 -- 2374
1864 -- 3584
1864 -- 3181
1865 -- 3971
1866 -- 3257
1866 -- 3589
1866 -- 2774
1867 -- 2351
1867 -- 2302
1867 -- 2076
1867 -- 2874
1868 -- 2834
1870 -- 3707
1870 -- 2307
1870 -- 3395
1870 -- 2391
1872 -- 2084
1877 -- 3595
1877 -- 3071
1877 -- 2053
1877 -- 2590
1879 -- 3998
1881 -- 3953
1881 -- 3691
1882 -- 3224
1882 -- 2276
1883 -- 3496
1883 -- 3915
1883 -- 3422
1884 -- 2033
1884 -- 2485
1884 -- 2958
1887 -- 2988
1887 -- 3044
1888 -- 3088
1888 -- 2046
1889 -- 1984
1889 -- 2488
1890 -- 2697
1890 -- 2575
1891 -- 2626
1891 -- 3405
1892 -- 2568
1892 -- 3038
1892 -- 2551
1893 -- 3194
1893 -- 3291
1893 -- 2964
1894 -- 2320
1894 -- 3360
1894 -- 3061
1896 -- 2649
1898 -- 2493
1898 -- 3559
1899 -- 2314
1899 -- 2710
1899 -- 2143
1902 -- 2542
1907 -- 2092
1907 -- 3708
1908 -- 3731
1909 -- 2585
1910 -- 3928
1910 -- 3036
1910 -- 2540
1910 -- 2133
1911 -- 2413
1911 -- 2383
1911 -- 2140
1913 -- 3603
1913 -- 2179
1913 -- 3852
1913 -- 2510
1914 -- 2691
1914 -- 2622
1915 -- 3630
1916 -- 1992
1916 -- 3026
1916 -- 2876
1916 -- 3054
1917 -- 2718
1917 -- 3949
1919 -- 2603
1919 -- 2990
1920 -- 2497
1921 -- 3410
1921 -- 3302
1922 -- 2615
1923 -- 3779
1923 -- 2350
1923 -- 2032
1923 -- 3321
1924 -- 3810
1925 -- 2832
1926 -- 2440
1926 -- 3462
1926 -- 3863
1928 -- 3530
1928 -- 3532
1928 -- 2064
1928 -- 2902
1929 -- 2143
1930 -- 3538
1930 -- 3898
1931 -- 2986
1931 -- 2869
1932 -- 2211
1932 -- 2430
1933 -- 1937
1934 -- 2651
1938 -- 3563
1938 -- 3213
1939 -- 2476
1939 -- 3116
1941 -- 2800
1941 -- 2458
1943 -- 2561
1943 -- 3864
1944 -- 3081
1944 -- 3125
1948 -- 2324
1949 -- 2833
1950 -- 3628
1952 -- 3588
1952 -- 3022
1953 -- 3038
1953 -- 2474
1953 -- 2795
1953 -- 2830
1954 -- 2401
1954 -- 3059
1954 -- 3309
1954 -- 3679
1955 -- 2617
1955 -- 3837
1958 -- 3597
1958 -- 2982
1959 -- 3002
1959 -- 2140
1960 -- 3536
1960 -- 2997
1960 -- 3790
1960 -- 2661
1961 -- 3653
1961 -- 3781
1963 -- 3383
1965 -- 3938
1965 -- 2317
1967 -- 2353
1967 -- 2581
1968 -- 2340
1968 -- 3300
1969 -- 2787
1969 -- 2799
1970 -- 3639
1972 -- 3890
1973 -- 2468
1974 -- 2472
1974 -- 2709
1975 -- 2734
1976 -- 2504
1976 -- 2153
1976 -- 3859
1977 -- 3151
1978 -- 2727
1979 -- 3465
1979 -- 2348
1979 -- 3373
1980 -- 2858
1980 -- 3866
1980 -- 3421
1981 -- 2984
1981 -- 3319
1982 -- 3235
1988 -- 3568
1988 -- 3637
1989 -- 2001
1989 -- 2573
1991 -- 2544
1991 -- 3132
1992 -- 3167
1993 -- 2152
1993 -- 2207
1996 -- 3256
1997 -- 2032
1997 -- 2865
1997 -- 3386
1997 -- 2330
1997 -- 3358
1999 -- 3651
2001 -- 2272
2001 -- 3462
2003 -- 2432
2003 -- 3264
2006 -- 2965
2007 -- 3458
2007 -- 3756
2008 -- 2283
2008 -- 3247
2009 -- 3904
2010 -- 3958
2010 -- 2429
2010 -- 3390
2011 -- 3186
2011 -- 2702
2012 -- 2647
2012 -- 2892
2012 -- 3645
2013 -- 3357
2014 -- 3552
2014 -- 2203
2015 -- 3885
2015 -- 3655
2016 -- 2726
2016 -- 2474
2016 -- 2638
2016 -- 2063
2016 -- 3800
2018 -- 3104
2018 -- 3956
2020 -- 3743
2020 -- 3223
2022 -- 3536
2022 -- 3291
2025 -- 3082
2026 -- 2969
2026 -- 2067
2027 -- 3699
2028 -- 2479
2028 -- 3852
2028 -- 3303
2029 -- 2924
2030 -- 3712
2030 -- 3304
2030 -- 2858
2030 -- 3464
2031 -- 2057
2031 -- 3503
2032 -- 3718
2032 -- 3049
2032 -- 2536
2032 -- 2072
2032 -- 3192
2033 -- 3952
2034 -- 2531
2035 -- 3230
2035 -- 2159
2036 -- 2635
2036 -- 2084
2036 -- 2207
2037 -- 2927
2037 -- 3863
2037 -- 3087
2037 -- 2879
2038 -- 2272
2038 -- 3151
2040 -- 3858
2040 -- 3039
2041 -- 3909
2041 -- 3884
2041 -- 2937
2042 -- 2136
2042 -- 2736
2045 -- 2230
2048 -- 2283
2050 -- 3402
2050 -- 2630
2050 -- 3590
2051 -- 3540
2051 -- 2381
2053 -- 3765
2054 -- 3040
2054 -- 2082
2055 -- 3585
2055 -- 2842
2056 -- 3842
2056 -- 2335
2057 -- 3498
2058 -- 3352
2058 -- 3921
2058 -- 2781
2059 -- 2188
2059 -- 3758
2060 -- 3651
2060 -- 3942
2061 -- 2752
2061 -- 2682
2061 -- 2653
2063 -- 3913
2065 -- 3699
2066 -- 2884
2066 -- 3965
2067 -- 2596
2068 -- 2970
2069 -- 3566
2070 -- 3759
2071 -- 2704
2071 -- 2315
2071 -- 3516
2073 -- 2425
2075 -- 3942
2075 -- 3057
2076 -- 2611
2077 -- 3668
2078 -- 3473
2078 -- 2237
2080 -- 3439
2080 -- 3901
2080 -- 2685
2081 -- 2256
2082 -- 3042
2084 -- 2977
2085 -- 3768
2085 -- 3120
2085 -- 3575
2087 -- 3376
2088 -- 3114
2089 -- 2569
2089 -- 3759
2091 -- 2484
2092 -- 3863
2093 -- 2954
2093 -- 3867
2095 -- 2252
2095 -- 2913
2096 -- 2861
2096 -- 3858
2097 -- 3640
2097 -- 3323
2097 -- 2999
2098 -- 2647
2099 -- 2864
2099 -- 3619
2100 -- 3001
2101 -- 3376
2101 -- 2242
2101 -- 3317
2102 -- 3081
2102 -- 2253
2102 -- 3855
2102 -- 3058
2104 -- 3344
2105 -- 2164
2105 -- 3239
2106 -- 3043
2107 -- 3032
2107 -- 3674
2107 -- 3565
2108 -- 3321
2108 -- 3203
2109 -- 3594
2110 -- 2674
2111 -- 3839
2112 -- 3734
2116 -- 3868
2117 -- 3190
2118 -- 3944
2120 -- 3286
2120 -- 3510
2121 -- 3421
2121 -- 3214
2122 -- 3312
2122 -- 3009
2122 -- 2826
2123 -- 3216
2125 -- 3232
2125 -- 3072
2125 -- 3714
2125 -- 2599
2127 -- 3892
2127 -- 2797
2128 -- 2328
2128 -- 3361
2128 -- 2331
2130 -- 2480
2130 -- 2521
2130 -- 3570
2130 -- 3663
2131 -- 3608
2131 -- 2561
2131 -- 2335
2132 -- 2468
2133 -- 3744
2133 -- 3695
2133 -- 3927
2134 -- 3080
2135 -- 3436
2136 -- 3074
2137 -- 2172
2137 -- 2284
2138 -- 3762
2140 -- 2345
2141 -- 3835
2141 -- 3715
2145 -- 3743
2145 -- 3631
2147 -- 2616
2147 -- 2595
2148 -- 2523
2148 -- 2990
2149 -- 3792
2149 -- 2518
2149 -- 3294
2151 -- 2294
2154 -- 3481
2155 -- 3750
2157 -- 2944
2158 -- 2498
2161 -- 3459
2162 -- 2233
2165 -- 3200
2165 -- 3004
2166 -- 3965
2167 -- 2389
2168 -- 2685
2172 -- 2195
2174 -- 2664
2175 -- 3528
2175 -- 3389
2176 -- 3712
2176 -- 2253
2177 -- 2726
2178 -- 2719
2179 -- 3481
2180 -- 3872
2180 -- 3243
2180 -- 3656
2180 -- 3644
2181 -- 2193
2181 -- 2326
2184 -- 3264
2184 -- 2469
2184 -- 2700
2184 -- 3123
2185 -- 2315
2185 -- 3500
2187 -- 3776
2187 -- 2588
2187 -- 3661
2189 -- 3941
2190 -- 2400
2191 -- 2851
2191 -- 2876
2191 -- 2479
2192 -- 3143
2192 -- 3125
2193 -- 2847
2194 -- 3632
2194 -- 3218
2194 -- 2990
2196 -- 2616
2197 -- 3192
2198 -- 3761
2199 -- 2683
2201 -- 3430
2201 -- 2671
2202 -- 3362
2202 -- 3426
2203 -- 2411
2203 -- 3149
2204 -- 2480
2204 -- 2513
2204 -- 3360
2206 -- 2747
2208 -- 2667
2208 -- 2556
2209 -- 3902
2211 -- 3146
2212 -- 3229
2212 -- 2598
2213 -- 2913
2214 -- 2453
2214 -- 3887
2215 -- 2452
2216 -- 3323
2216 -- 3590
2217 -- 3432
2217 -- 2437
2218 -- 3627
2219 -- 2576
2220 -- 3008
2220 -- 2482
2220 -- 2259
2220 -- 2590
2221 -- 3424
2221 -- 3375
2221 -- 2959
2222 -- 3394
2222 -- 3231
2223 -- 2354
2223 -- 3596
2224 -- 3071
2225 -- 2927
2226 -- 2360
2226 -- 3265
2226 -- 3811
2227 -- 2734
2229 -- 3876
2229 -- 2381
2231 -- 3963
2231 -- 3293
2232 -- 2617
2232 -- 2575
2233 -- 3618
2233 -- 3759
2234 -- 2446
2235 -- 3594
2235 -- 2252
2237 -- 3742
2237 -- 2470
2238 -- 2399
2238 -- 3747
2238 -- 3878
2238 -- 3479
2240 -- 3620
2240 -- 2861
2240 -- 2738
2242 -- 3984
2242 -- 3516
2242 -- 3797
2243 -- 2746
2244 -- 3763
2246 -- 2532
2246 -- 3640
2248 -- 3104
2248 -- 3364
2248 -- 3501
2248 -- 3576
2249 -- 3172
2250 -- 2868
2251 -- 2497
2251 -- 2632
2251 -- 3345
2251 -- 3263
2252 -- 2625
2252 -- 3053
2252 -- 2805
2252 -- 2943
2253 -- 2619
2253 -- 2317
2253 -- 3381
2255 -- 2320
2255 -- 3567
2256 -- 3524
2256 -- 3709
2256 -- 3678
2259 -- 3336
2259 -- 2509
2260 -- 2997
2260 -- 3349
2262 -- 2283
2263 -- 2558
2264 -- 3048
2264 -- 2868
2267 -- 3114
2267 -- 3081
2267 -- 2698
2267 -- 2341
2268 -- 3282
2268 -- 3930
2269 -- 2952
2269 -- 3729
2269 -- 2591
2269 -- 3374
2269 -- 3887
2270 -- 2856
2270 -- 2956
2271 -- 3182
2273 -- 2276
2274 -- 3296
2274 -- 3515
2275 -- 2936
2275 -- 2886
2277 -- 3897
2277 -- 3524
2279 -- 3532
2279 -- 2561
2279 -- 3196
2281 -- 3638
2281 -- 2993
2282 -- 2332
2284 -- 3202
2285 -- 2370
2286 -- 2443
2288 -- 3816
2288 -- 2690
2290 -- 3120
2290 -- 2874
2290 -- 3726
2291 -- 3522
2292 -- 3552
2292 -- 2729
2292 -- 3906
2292 -- 3526
2293 -- 2894
2294 -- 3298
2296 -- 3486
2297 -- 2777
2299 -- 3359
2302 -- 2968
2303 -- 2585
2303 -- 2653
2304 -- 3481
2304 -- 3801
2304 -- 3519
2305 -- 3817
2306 -- 3241
2306 -- 3374
2308 -- 3003
2308 -- 3761
2308 -- 3375
2309 -- 3344
2309 -- 3228
2310 -- 3258
2310 -- 2387
2312 -- 3911
2313 -- 3389
2313 -- 2703
2314 -- 3668
2314 -- 2711
2315 -- 3897
2316 -- 3872
2316 -- 3284
2316 -- 3366
2317 -- 2345
2317 -- 3160
2317 -- 3034
2318 -- 3533
2320 -- 2732
2320 -- 3653
2321 -- 2531
2322 -- 3184
2322 -- 2714
2322 -- 3948
2323 -- 2660
2325 -- 3656
2326 -- 3233
2327 -- 3097
2327 -- 3819
2327 -- 2745
2329 -- 3191
2331 -- 3645
2332 -- 3037
2332 -- 3203
2332 -- 3847
2333 -- 3450
2333 -- 3203
2335 -- 3489
2335 -- 3910
2335 -- 2399
2338 -- 2854
2339 -- 2348
2340 -- 2734
2341 -- 2770
2341 -- 2485
2343 -- 2947
2344 -- 2698
2345 -- 3790
2346 -- 3873
2346 -- 3578
2347 -- 2435
2348 -- 3280
2348 -- 2803
2348 -- 3798
2349 -- 2820
2349 -- 2973
2350 -- 2793
2350 -- 2588
2350 -- 3742
2351 -- 3025
2353 -- 3430
2355 -- 2401
2355 -- 2917
2356 -- 3496
2356 -- 3433
2356 -- 2483
2356 -- 2945
2357 -- 3132
2358 -- 2870
2359 -- 3451
2360 -- 3049
2360 -- 2857
2360 -- 3673
2360 -- 3870
2362 -- 2860
2363 -- 3549
2364 -- 2854
2364 -- 3258
2365 -- 3850
2365 -- 3731
2365 -- 2422
2366 -- 2440
2366 -- 2663
2367 -- 3726
2368 -- 3536
2368 -- 3347
2368 -- 3353
2368 -- 3707
2368 -- 3646
2369 -- 2544
2369 -- 3153
2370 -- 2562
2370 -- 3242
2370 -- 3907
2371 -- 2924
2373 -- 3463
2375 -- 2913
2376 -- 3576
2377 -- 3545
2378 -- 3447
2379 -- 3182
2380 -- 2557
2382 -- 3874
2382 -- 3986
2382 -- 3415
2382 -- 3801
2383 -- 3272
2383 -- 3689
2383 -- 3131
2383 -- 3265
2384 -- 3546
2384 -- 2908
2386 -- 3616
2387 -- 3609
2387 -- 3178
2388 -- 3336
2389 -- 3211
2390 -- 3216
2390 -- 3375
2394 -- 3287
2395 -- 2953
2398 -- 2474
2399 -- 3936
2399 -- 2498
2399 -- 2935
2400 -- 3328
2400 -- 2559
2401 -- 2784
2401 -- 3408
2401 -- 3665
2402 -- 3661
2403 -- 3164
2404 -- 3496
2405 -- 3653
2408 -- 3518
2410 -- 2992
2412 -- 2450
2413 -- 2625
2413 -- 3562
2414 -- 3536
2414 -- 3745
2414 -- 3442
2414 -- 2539
2414 -- 3589
2415 -- 3492
2415 -- 3373
2416 -- 2912
2418 -- 3891
2421 -- 3821
2421 -- 2868
2421 -- 3653
2423 -- 3058
2423 -- 3530
2423 -- 2431
2424 -- 3140
2424 -- 3509
2425 -- 3851
2426 -- 2869
2426 -- 3765
2427 -- 3615
2428 -- 3448
2429 -- 2467
2429 -- 3677
2430 -- 2980
2430 -- 2886
2433 -- 3150
2433 -- 3167
2434 -- 2453
2434 -- 3167
2435 -- 3784
2435 -- 2866
2438 -- 3700
2439 -- 3376
2440 -- 3522
2441 -- 2970
2443 -- 3828
2444 -- 2698
2445 -- 2911
2445 -- 3452
2445 -- 3895
2446 -- 2759
2447 -- 3246
2447 -- 3430
2449 -- 3698
2450 -- 3683
2452 -- 3400
2452 -- 2809
2453 -- 2533
2454 -- 3779
2454 -- 3684
2454 -- 3917
2455 -- 2584
2455 -- 3596
2455 -- 3367
2458 -- 3294
2460 -- 3537
2461 -- 3963
2461 -- 3019
2462 -- 3054
2463 -- 2734
2467 -- 3922
2467 -- 2709
2467 -- 3999
2469 -- 2678
2470 -- 2747
2471 -- 3469
2472 -- 3814
2473 -- 2728
2473 -- 2570
2474 -- 3259
2474 -- 3884
2476 -- 3154
2476 -- 3591
2477 -- 3217
2477 -- 2778
2479 -- 3542
2480 -- 3880
2480 -- 3739
2482 -- 3254
2484 -- 3026
2485 -- 3072
2485 -- 3027
2486 -- 2825
2486 -- 3771
2486 -- 3638
2486 -- 3977
2488 -- 3026
2491 -- 3065
2491 -- 3790
2492 -- 3576
2492 -- 3856
2492 -- 3721
2495 -- 3784
2496 -- 2585
2497 -- 3174
2498 -- 3368
2498 -- 3837
2499 -- 3249
2500 -- 3968
2500 -- 2647
2503 -- 3690
2504 -- 3020
2505 -- 2579
2506 -- 3744
2507 -- 2738
2508 -- 3510
2508 -- 2750
2509 -- 3076
2509 -- 3351
2510 -- 3491
2511 -- 3112
2511 -- 3043
2512 -- 2883
2512 -- 3301
2512 -- 3502
2512 -- 3641
2512 -- 2780
2514 -- 3993
2517 -- 3246
2519 -- 3175
2520 -- 3017
2522 -- 3236
2522 -- 2884
2522 -- 3837
2523 -- 3085
2523 -- 3670
2526 -- 2908
2526 -- 2571
2526 -- 3668
2529 -- 3383
2530 -- 3035
2531 -- 3984
2531 -- 3390
2532 -- 2773
2533 -- 2747
2534 -- 2683
2534 -- 3492
2535 -- 2937
2536 -- 3812
2537 -- 3017
2537 -- 2707
2537 -- 3053
2537 -- 3822
2538 -- 2638
2539 -- 3692
2539 -- 3973
2539 -- 3950
2540 -- 2821
2540 -- 2671
2542 -- 3192
2542 -- 2953
2542 -- 2732
2542 -- 3550
2543 -- 3831
2546 -- 3842
2547 -- 3026
2550 -- 3648
2551 -- 2971
2551 -- 3485
2553 -- 3662
2556 -- 2639
2556 -- 3869
2557 -- 3099
2557 -- 3756
2557 -- 3855
2558 -- 3794
2558 -- 3691
2561 -- 3785
2561 -- 3093
2561 -- 3190
2563 -- 2708
2565 -- 2957
2566 -- 3347
2568 -- 3657
2568 -- 3261
2571 -- 3808
2571 -- 2882
2571 -- 3543
2572 -- 3384
2572 -- 3777
2574 -- 2897
2575 -- 3834
2576 -- 3341
2577 -- 3661
2578 -- 3225
2579 -- 2665
2580 -- 3137
2580 -- 3946
2583 -- 3424
2583 -- 3864
2583 -- 3231
2584 -- 3048
2585 -- 2825
2585 -- 3347
2586 -- 3010
2586 -- 3886
2586 -- 3293
2591 -- 2648
2593 -- 3696
2593 -- 2680
2593 -- 3690
2594 -- 3430
2594 -- 2707
2594 -- 2974
2597 -- 3240
2597 -- 2784
2598 -- 3820
2599 -- 3270
2599 -- 3942
2602 -- 2842
2602 -- 3142
2603 -- 2653
2604 -- 3260
2606 -- 3315
2606 -- 3837
2608 -- 3779
2608 -- 2979
2609 -- 3325
2609 -- 3925
2610 -- 3008
2610 -- 3383
2611 -- 2723
2611 -- 3222
2612 -- 3159
2612 -- 3569
2612 -- 3544
2612 -- 3035
2613 -- 2667
2614 -- 3645
2615 -- 2829
2616 -- 2867
2617 -- 3031
2621 -- 2761
2621 -- 3314
2621 -- 3382
2623 -- 3557
2625 -- 3905
2625 -- 2935
2625 -- 3292
2627 -- 2719
2628 -- 3597
2629 -- 3643
2629 -- 2677
2631 -- 3163
2632 -- 3066
2634 -- 3724
2637 -- 3223
2638 -- 3926
2638 -- 3578
2639 -- 3113
2640 -- 3891
2642 -- 3119
2643 -- 2979
2646 -- 2693
2646 -- 3559
2646 -- 3853
2646 -- 3351
2647 -- 3205
2647 -- 3980
2647 -- 3890
2648 -- 2796
2651 -- 3276
2653 -- 3977
2655 -- 3162
2655 -- 3428
2656 -- 3120
2657 -- 2934
2660 -- 2803
2662 -- 3704
2662 -- 3435
2662 -- 3757
2663 -- 3752
2663 -- 3969
2664 -- 3983
2665 -- 3907
2666 -- 2900
2669 -- 3135
2669 -- 3295
2670 -- 2745
2670 -- 3033
2671 -- 3326
2674 -- 2819
2676 -- 3190
2676 -- 3886
2676 -- 3941
2676 -- 3718
2677 -- 3469
2678 -- 3357
2679 -- 3409
2679 -- 3759
2681 -- 3432
2682 -- 3739
2683 -- 3380
2683 -- 2936
2684 -- 2720
2684 -- 3424
2684 -- 3404
2684 -- 3918
2685 -- 2763
2685 -- 2960
2685 -- 3389
2686 -- 3988
2686 -- 2693
2688 -- 3009
2689 -- 3569
2689 -- 3814
2690 -- 2903
2691 -- 3648
2691 -- 3110
2694 -- 3237
2696 -- 2851
2697 -- 2849
2699 -- 3662
2699 -- 3351
2700 -- 3536
2701 -- 3225
2702 -- 2906
2703 -- 3432
2706 -- 3855
2708 -- 3790
2709 -- 3079
2711 -- 2939
2712 -- 3202
2713 -- 3727
2714 -- 3410
2715 -- 2859
2717 -- 2792
2717 -- 3724
2718 -- 3075
2718 -- 3122
2719 -- 2779
2720 -- 3138
2721 -- 2872
2722 -- 3504
2724 -- 3480
2724 -- 2731
2725 -- 3740
2725 -- 3684
2725 -- 2897
2726 -- 3338
2726 -- 3534
2727 -- 3862
2730 -- 3093
2731 -- 3405
2732 -- 3802
2733 -- 3138
2736 -- 3202
2738 -- 3059
2741 -- 2996
2741 -- 3293
2743 -- 3497
2745 -- 2913
2745 -- 3459
2746 -- 3532
2746 -- 2799
2750 -- 3277
2750 -- 3923
2751 -- 3621
2753 -- 2755
2754 -- 2797
2755 -- 3006
2757 -- 3335
2757 -- 3199
2759 -- 2776
2759 -- 2822
2760 -- 2943
2761 -- 3200
2762 -- 2805
2763 -- 3103
2765 -- 3110
2768 -- 2997
2769 -- 3378
2770 -- 3384
2770 -- 3057
2772 -- 3850
2773 -- 2964
2773 -- 3448
2773 -- 3961
2773 -- 3901
2774 -- 3242
2774 -- 3338
2774 -- 3150
2775 -- 2904
2777 -- 3048
2778 -- 2948
2778 -- 3292
2778 -- 3045
2779 -- 3910
2779 -- 3351
2780 -- 3950
2781 -- 3113
2782 -- 3814
2783 -- 3844
2784 -- 3364
2786 -- 3683
2786 -- 3598
2787 -- 3445
2788 -- 3752
2788 -- 2992
2790 -- 3665
2794 -- 3910
2794 -- 3887
2795 -- 3319
2796 -- 3306
2797 -- 3079
2797 -- 2873
2798 -- 2899
2799 -- 3253
2800 -- 2900
2801 -- 3474
2806 -- 3308
2806 -- 3117
2808 -- 3198
2808 -- 3074
2809 -- 3257
2811 -- 3185
2812 -- 3380
2813 -- 3721
2813 -- 3506
2815 -- 3113
2816 -- 3081
2816 -- 3278
2816 -- 3292
2818 -- 2896
2820 -- 3315
2822 -- 2835
2823 -- 3572
2823 -- 3587
2823 -- 3212
2824 -- 2851
2824 -- 3094
2826 -- 2947
2826 -- 3687
2827 -- 3748
2827 -- 3294
2830 -- 3065
2831 -- 3064
2833 -- 3908
2834 -- 3411
2834 -- 3179
2834 -- 3031
2835 -- 3938
2835 -- 3205
2836 -- 3765
2836 -- 3151
2840 -- 3171
2840 -- 3003
2843 -- 3504
2844 -- 3887
2849 -- 3563
2849 -- 3221
2850 -- 3272
2851 -- 3138
2851 -- 3669
2852 -- 3584
2852 -- 2910
2852 -- 3671
2853 -- 3035
2856 -- 3778
2858 -- 3824
2859 -- 3672
2859 -- 3127
2860 -- 3979
2866 -- 3571
2867 -- 3185
2870 -- 3826
2872 -- 3802
2877 -- 3859
2878 -- 3004
2879 -- 3681
2882 -- 3148
2884 -- 2894
2885 -- 2946
2886 -- 2989
2887 -- 3418
2887 -- 3275
2889 -- 3299
2891 -- 3396
2893 -- 3236
2894 -- 3330
2894 -- 2983
2895 -- 3386
2895 -- 3035
2896 -- 3165
2897 -- 3481
2899 -- 3995
2903 -- 3820
2904 -- 3251
2907 -- 3817
2909 -- 3281
2910 -- 3253
2911 -- 3768
2911 -- 3228
2915 -- 3726
2916 -- 3133
2918 -- 3028
2919 -- 3113
2920 -- 3236
2920 -- 2927
2922 -- 3324
2924 -- 3878
2925 -- 3924
2926 -- 3329
2928 -- 3802
2933 -- 3438
2934 -- 3163
2936 -- 3456
2936 -- 3845
2937 -- 3154
2942 -- 3073
2943 -- 3027
2946 -- 3575
2947 -- 3552
2950 -- 3507
2952 -- 3262
2953 -- 3210
2953 -- 3219
2954 -- 3428
2954 -- 3572
2954 -- 3959
2955 -- 3635
2958 -- 3214
2958 -- 3141
2960 -- 3969
2961 -- 3288
2962 -- 3805
2964 -- 3680
2964 -- 2982
2964 -- 3405
2964 -- 3380
2964 -- 3420
2965 -- 3558
2965 -- 3438
2965 -- 3509
2967 -- 3952
2967 -- 3410
2968 -- 3269
2969 -- 3675
2970 -- 3010
2972 -- 3150
2973 -- 3301
2973 -- 3349
2976 -- 3217
2978 -- 3377
2979 -- 3994
2981 -- 3941
2982 -- 3621
2984 -- 3913
2985 -- 3405
2986 -- 3273
2989 -- 3081
2990 -- 3261
2991 -- 3036
2994 -- 3754
2994 -- 3793
2995 -- 3934
2996 -- 3644
2998 -- 3396
2998 -- 3558
2999 -- 3083
3002 -- 3977
3002 -- 3119
3003 -- 3568
3004 -- 3796
3009 -- 3669
3017 -- 3925
3017 -- 3783
3022 -- 3690
3022 -- 3779
3024 -- 3186
3024 -- 3725
3026 -- 3699
3030 -- 3928
3030 -- 3228
3032 -- 3601
3033 -- 3191
3035 -- 3303
3037 -- 3170
3037 -- 3565
3039 -- 3719
3039 -- 3899
3044 -- 3397
3044 -- 3183
3048 -- 3746
3051 -- 3066
3052 -- 3234
3053 -- 3792
3053 -- 3424
3054 -- 3456
3055 -- 3180
3055 -- 3582
3057 -- 3411
3057 -- 3130
3059 -- 3221
3065 -- 3705
3066 -- 3394
3067 -- 3344
3067 -- 3787
3071 -- 3945
3071 -- 3570
3072 -- 3838
3073 -- 3280
3073 -- 3650
3078 -- 3337
3079 -- 3959
3080 -- 3944
3081 -- 3636
3082 -- 3231
3083 -- 3792
3083 -- 3974
3087 -- 3618
3090 -- 3725
3092 -- 3954
3094 -- 3762
3096 -- 3830
3098 -- 3768
3098 -- 3829
3103 -- 3888
3103 -- 3635
3104 -- 3883
3104 -- 3797
3110 -- 3513
3112 -- 3654
3113 -- 3896
3114 -- 3465
3114 -- 3886
3116 -- 3808
3116 -- 3186
3116 -- 3266
3122 -- 3336
3122 -- 3591
3126 -- 3672
3128 -- 3526
3129 -- 3231
3131 -- 3502
3132 -- 3177
3135 -- 3148
3135 -- 3440
3135 -- 3539
3136 -- 3875
3136 -- 3724
3140 -- 3526
3141 -- 3608
3142 -- 3264
3145 -- 3231
3146 -- 3192
3149 -- 3849
3149 -- 3219
3150 -- 3699
3152 -- 3649
3152 -- 3545
3153 -- 3725
3153 -- 3217
3153 -- 3996
3154 -- 3245
3155 -- 3958
3156 -- 3219
3158 -- 3477
3158 -- 3413
3159 -- 3286
3160 -- 3790
3165 -- 3656
3167 -- 3747
3170 -- 3989
3171 -- 3875
3174 -- 3544
3176 -- 3376
3176 -- 3539
3178 -- 3625
3178 -- 3318
3178 -- 3231
3180 -- 3891
3180 -- 3931
3181 -- 3684
3184 -- 3860
3185 -- 3268
3187 -- 3561
3187 -- 3533
3187 -- 3927
3188 -- 3880
3194 -- 3803
3196 -- 3247
3201 -- 3759
3203 -- 3925
3207 -- 3653
3209 -- 3751
3210 -- 3576
3211 -- 3341
3212 -- 3906
3213 -- 3523
3213 -- 3954
3213 -- 3603
3215 -- 3842
3216 -- 3990
3221 -- 3535
3222 -- 3768
3224 -- 3628
3225 -- 3272
3226 -- 3463
3231 -- 3460
3231 -- 3291
3232 -- 3315
3234 -- 3348
3235 -- 3281
3236 -- 3828
3236 -- 3574
3236 -- 3743
3238 -- 3880
3240 -- 3653
3241 -- 3835
3242 -- 3471
3244 -- 3685
3248 -- 3568
3249 -- 3641
3252 -- 3824
3256 -- 3637
3260 -- 3960
3262 -- 3882
3263 -- 3794
3268 -- 3787
3268 -- 3633
3268 -- 3321
3272 -- 3795
3275 -- 3727
3276 -- 3900
3278 -- 3632
3278 -- 3796
3278 -- 3628
3280 -- 3605
3282 -- 3681
3285 -- 3436
3290 -- 3982
3292 -- 3767
3294 -- 3783
3294 -- 3728
3294 -- 3773
3295 -- 3986
3295 -- 3324
3297 -- 3964
3300 -- 3724
3301 -- 3637
3306 -- 3823
3309 -- 3646
3309 -- 3366
3310 -- 3766
3310 -- 3561
3314 -- 3386
3317 -- 3527
3322 -- 3757
3323 -- 3406
3324 -- 3493
3325 -- 3815
3327 -- 3497
3327 -- 3510
3335 -- 3842
3337 -- 3744
3339 -- 3341
3339 -- 3965
3341 -- 3758
3342 -- 3601
3346 -- 3959
3353 -- 3792
3354 -- 3927
3358 -- 3944
3361 -- 3881
3362 -- 3943
3363 -- 3487
3364 -- 3712
3365 -- 3813
3365 -- 3582
3366 -- 3671
3368 -- 3799
3370 -- 3562
3375 -- 3734
3378 -- 3585
3379 -- 3568
3380 -- 3469
3382 -- 3445
3384 -- 3859
3387 -- 3481
3387 -- 3866
3390 -- 3527
3391 -- 3506
3392 -- 3541
3393 -- 3943
3394 -- 3698
3397 -- 3813
3397 -- 3514
3398 -- 3736
3398 -- 3460
3400 -- 3553
3401 -- 3680
3404 -- 3624
3406 -- 3944
3407 -- 3549
3409 -- 3672
3410 -- 3603
3410 -- 3956
3413 -- 3724
3414 -- 3661
3416 -- 3513
3418 -- 3985
3419 -- 3519
3420 -- 3532
3420 -- 3680
3423 -- 3460
3423 -- 3837
3426 -- 3780
3430 -- 3466
3430 -- 3693
3432 -- 3916
3432 -- 3832
3432 -- 3547
3433 -- 3789
3437 -- 3857
3437 -- 3618
3437 -- 3654
3439 -- 3976
3441 -- 3876
3443 -- 3845
3444 -- 3966
3446 -- 3452
3450 -- 3731
3452 -- 3498
3453 -- 3894
3457 -- 3795
3459 -- 3682
3464 -- 3832
3464 -- 3726
3466 -- 3841
3466 -- 3766
3467 -- 3991
3468 -- 3922
3469 -- 3950
3477 -- 3504
3481 -- 3597
3481 -- 3555
3481 -- 3706
3486 -- 3969
3487 -- 3930
3487 -- 3509
3488 -- 3621
3488 -- 3511
3491 -- 3951
3496 -- 3690
3497 -- 3776
3497 -- 3905
3498 -- 3759
3499 -- 3897
3499 -- 3586
3501 -- 3903
3503 -- 3545
3509 -- 3773
3513 -- 3602
3516 -- 3964
3520 -- 3935
3520 -- 3799
3521 -- 3586
3526 -- 3844
3537 -- 3669
3547 -- 3608
3548 -- 3929
3552 -- 3874
3553 -- 3588
3562 -- 3634
3570 -- 3849
3572 -- 3710
3573 -- 3773
3576 -- 3697
3581 -- 3604
3582 -- 3633
3583 -- 3934
3584 -- 3862
3585 -- 3912
3585 -- 3620
3600 -- 3688
3601 -- 3981
3607 -- 3868
3607 -- 3981
3608 -- 3672
3613 -- 3855
3617 -- 3983
3620 -- 3915
3622 -- 3912
3623 -- 3637
3625 -- 3801
3630 -- 3935
3635 -- 3871
3637 -- 3738
3642 -- 3977
3645 -- 3953
3648 -- 3967
3651 -- 3909
3658 -- 3810
3662 -- 3744
3662 -- 3747
3662 -- 3825
3662 -- 3925
3665 -- 3880
3669 -- 3741
3680 -- 3995
3686 -- 3960
3702 -- 3780
3702 -- 3950
3705 -- 3917
3706 -- 3832
3708 -- 3876
3708 -- 3963
3708 -- 3997
3713 -- 3756
3714 -- 3889
3716 -- 3921
3719 -- 3825
3723 -- 3792
3734 -- 3926
3741 -- 3975
3742 -- 3976
3748 -- 3871
3756 -- 3808
3762 -- 3934
3764 -- 3861
3765 -- 3947
3766 -- 3938
3778 -- 3904
3784 -- 3895
3793 -- 3993
3794 -- 3836
3810 -- 3949
3813 -- 3836
3826 -- 3870
3833 -- 3875
3847 -- 3980
3848 -- 3958
3856 -- 3861
3856 -- 3966
3871 -- 3898
3893 -- 3897
3895 -- 3986
3917 -- 3944
3920 -- 3960
3955 -- 3993
3963 -- 3967
