76 98 7
0 77
0 
1 
2 
3 
4 
5 
6 *
7 
8 
9 *
10 
11 
12 
13 
14 
15 
16 
17 
18 
19 
20 
21 
22 
23 *
24 
25 
26 
27 
28 
29 
30 
31 
32 
33 
34 
35 
36 *
37 
38 *
39 
40 
41 
42 
43 
44 *
45 
46 
47 
48 
49 
50 
51 
52 
53 
54 
55 
56 
57 
58 
59 
60 
61 
62 
63 
64 
65 
67 
68 
69 *
70 
71 
72 
74 
75 
76 
77 
0 -> 1
0 -> 2
1 -> 3
1 -> 4
3 -> 6
4 -> 7
5 -> 9
6 -> 11
7 -> 11
7 -> 12
8 -> 12
8 -> 13
9 -> 13
9 -> 14
10 -> 15
11 -> 17
12 -> 17
13 -> 19
14 -> 20
15 -> 21
15 -> 22
16 -> 22
17 -> 23
18 -> 24
19 -> 25
20 -> 26
20 -> 27
21 -> 28
21 -> 29
22 -> 29
22 -> 30
23 -> 30
23 -> 31
24 -> 32
25 -> 32
25 -> 33
26 -> 33
27 -> 34
28 -> 36
28 -> 37
29 -> 37
29 -> 38
30 -> 38
31 -> 40
32 -> 40
32 -> 41
33 -> 42
34 -> 42
34 -> 43
35 -> 43
35 -> 44
36 -> 45
36 -> 46
37 -> 46
38 -> 48
39 -> 48
39 -> 49
40 -> 49
40 -> 50
41 -> 50
41 -> 51
42 -> 52
44 -> 53
45 -> 56
46 -> 57
47 -> 58
48 -> 58
50 -> 61
51 -> 61
51 -> 62
52 -> 62
52 -> 63
53 -> 63
53 -> 64
54 -> 65
56 -> 67
56 -> 68
57 -> 68
57 -> 69
58 -> 69
58 -> 70
59 -> 70
59 -> 71
60 -> 71
61 -> 72
62 -> 74
64 -> 75
64 -> 76
65 -> 76
67 -> 77
68 -> 77
69 -> 77
70 -> 77
71 -> 77
72 -> 77
74 -> 77
75 -> 77
76 -> 77
