254 353 11
0 253
0 
1 
2 
3 
4 
5 
6 
7 
8 
9 
10 
11 
12 
13 
14 
15 
16 
17 
18 
19 *
20 
21 
22 
23 
24 
25 
26 
27 
28 
29 
30 
31 
32 
33 
34 
35 
36 
37 
38 
39 
40 
41 
42 
43 
44 
45 
46 
47 
48 
49 
50 
51 
52 
53 
54 
55 
56 
57 
58 
59 
60 
61 
62 
63 
64 
65 *
66 
67 
68 
69 
70 
71 
72 
73 
74 
75 
76 
77 
78 
79 
80 
81 
82 
83 
84 
85 
86 
87 
88 
89 
90 
91 
92 
93 
94 
95 
96 
97 
98 
99 
100 
101 
102 
103 
104 
105 
106 
107 
108 
109 
110 
111 
112 
113 
114 *
115 *
116 
117 
118 
119 
120 
121 
122 
123 
124 
125 
126 
127 *
128 
129 
130 
131 
132 
133 *
134 
135 
136 
137 
138 
139 
140 
141 
142 *
143 
144 
145 
146 
147 
148 
149 *
150 
151 
152 
153 
154 
155 
156 
157 
158 
159 
160 
161 
162 
163 
164 
165 
166 *
167 
168 
169 
170 
171 
172 
173 
174 
175 
176 
177 
178 
179 
180 
181 
182 
183 
184 
185 
186 
187 
188 
189 
190 
191 
192 
193 
194 
195 
196 
197 
198 
199 
200 
201 
202 
203 
204 
205 
206 
207 
208 
209 
210 
211 
212 
213 
214 
215 
216 
217 
218 
219 
220 
221 
222 
223 
224 
225 
226 
227 
228 
229 
230 
231 
232 
233 
234 
235 
236 
237 
238 
239 
240 
241 
242 *
243 
244 
245 
246 *
247 
248 
249 
250 
251 
252 
253 
0 -> 2
1 -> 3
1 -> 4
3 -> 6
3 -> 7
4 -> 7
4 -> 8
5 -> 8
5 -> 9
6 -> 10
6 -> 11
7 -> 11
7 -> 12
8 -> 12
8 -> 13
9 -> 14
10 -> 15
10 -> 16
11 -> 16
11 -> 17
12 -> 17
12 -> 18
14 -> 19
15 -> 21
15 -> 22
16 -> 22
17 -> 23
18 -> 25
19 -> 25
19 -> 26
20 -> 26
20 -> 27
21 -> 28
23 -> 30
23 -> 31
24 -> 31
24 -> 32
25 -> 33
26 -> 34
27 -> 34
27 -> 35
28 -> 36
29 -> 37
30 -> 39
31 -> 39
31 -> 40
32 -> 41
33 -> 41
33 -> 42
34 -> 42
34 -> 43
35 -> 43
36 -> 45
36 -> 46
37 -> 46
37 -> 47
38 -> 47
38 -> 48
39 -> 49
41 -> 50
43 -> 52
44 -> 53
44 -> 54
45 -> 55
46 -> 56
46 -> 57
47 -> 57
48 -> 58
49 -> 59
49 -> 60
50 -> 60
51 -> 61
51 -> 62
53 -> 63
53 -> 64
54 -> 64
54 -> 65
55 -> 66
55 -> 67
56 -> 67
58 -> 69
58 -> 70
61 -> 73
62 -> 73
63 -> 74
64 -> 75
64 -> 76
65 -> 76
65 -> 77
66 -> 78
66 -> 79
67 -> 79
67 -> 80
68 -> 80
68 -> 81
69 -> 82
70 -> 82
70 -> 83
71 -> 83
71 -> 84
72 -> 84
72 -> 85
73 -> 85
73 -> 86
74 -> 86
74 -> 87
75 -> 87
76 -> 89
77 -> 89
77 -> 90
79 -> 92
79 -> 93
80 -> 93
80 -> 94
81 -> 94
82 -> 95
82 -> 96
83 -> 96
84 -> 97
84 -> 98
85 -> 98
86 -> 99
86 -> 100
87 -> 100
88 -> 101
88 -> 102
89 -> 102
90 -> 103
91 -> 105
91 -> 106
92 -> 106
92 -> 107
93 -> 107
94 -> 108
94 -> 109
95 -> 109
96 -> 110
97 -> 111
98 -> 113
99 -> 113
99 -> 114
100 -> 114
100 -> 115
101 -> 115
101 -> 116
102 -> 116
102 -> 117
103 -> 117
103 -> 118
104 -> 119
105 -> 121
106 -> 121
106 -> 122
107 -> 123
108 -> 123
108 -> 124
109 -> 124
109 -> 125
110 -> 126
111 -> 126
111 -> 127
112 -> 127
112 -> 128
113 -> 128
113 -> 129
114 -> 129
114 -> 130
115 -> 130
116 -> 131
116 -> 132
117 -> 132
117 -> 133
118 -> 134
119 -> 134
119 -> 135
120 -> 136
120 -> 137
121 -> 137
122 -> 138
123 -> 139
123 -> 140
124 -> 141
125 -> 141
125 -> 142
127 -> 143
127 -> 144
128 -> 144
128 -> 145
129 -> 145
130 -> 146
130 -> 147
131 -> 147
131 -> 148
132 -> 148
132 -> 149
133 -> 150
134 -> 151
135 -> 152
136 -> 153
136 -> 154
138 -> 156
139 -> 156
140 -> 158
141 -> 158
143 -> 161
145 -> 162
145 -> 163
146 -> 163
146 -> 164
147 -> 164
147 -> 165
148 -> 166
149 -> 166
150 -> 168
151 -> 168
151 -> 169
152 -> 169
153 -> 171
154 -> 172
154 -> 173
155 -> 173
156 -> 174
157 -> 176
158 -> 176
158 -> 177
160 -> 178
160 -> 179
161 -> 179
162 -> 180
162 -> 181
163 -> 181
163 -> 182
164 -> 182
164 -> 183
165 -> 184
166 -> 184
166 -> 185
168 -> 187
169 -> 187
169 -> 188
170 -> 189
171 -> 190
171 -> 191
172 -> 191
172 -> 192
174 -> 193
174 -> 194
175 -> 195
176 -> 196
177 -> 196
177 -> 197
178 -> 198
179 -> 198
180 -> 199
180 -> 200
182 -> 201
182 -> 202
184 -> 204
185 -> 204
185 -> 205
186 -> 205
186 -> 206
187 -> 207
188 -> 208
189 -> 208
190 -> 210
190 -> 211
191 -> 211
192 -> 212
193 -> 213
193 -> 214
194 -> 215
195 -> 215
195 -> 216
196 -> 216
196 -> 217
197 -> 217
197 -> 218
198 -> 218
198 -> 219
199 -> 219
199 -> 220
200 -> 220
200 -> 221
201 -> 221
201 -> 222
202 -> 222
202 -> 223
203 -> 223
203 -> 224
204 -> 224
204 -> 225
205 -> 226
206 -> 226
206 -> 227
207 -> 227
207 -> 228
208 -> 228
209 -> 229
210 -> 231
210 -> 232
211 -> 233
212 -> 234
214 -> 235
214 -> 236
215 -> 237
216 -> 237
216 -> 238
217 -> 238
217 -> 239
218 -> 239
218 -> 240
219 -> 241
220 -> 242
221 -> 243
222 -> 243
222 -> 244
223 -> 244
224 -> 245
224 -> 246
225 -> 246
225 -> 247
226 -> 247
226 -> 248
227 -> 249
228 -> 249
228 -> 250
229 -> 250
229 -> 251
230 -> 251
230 -> 252
231 -> 253
232 -> 253
233 -> 253
234 -> 253
235 -> 253
236 -> 253
237 -> 253
238 -> 253
239 -> 253
240 -> 253
241 -> 253
242 -> 253
243 -> 253
244 -> 253
245 -> 253
246 -> 253
247 -> 253
248 -> 253
249 -> 253
250 -> 253
251 -> 253
252 -> 253
