701 800 1
7 0
0
1
2
3
4
5
6
7
8
9
10
11
12
13
14
15
16
17
18
19
20
21
22
23
24
25
26
27
28
29
30
31
32
33
34
35
36
37
38
39
40
41
42
43
44
45
46
47
48
49
50
51
52
53
54
55
56
57
58
59
60
61
62
63
64
65
66
67
68
69
70
71
72
73
74
75
76
77
78
79
80
81
82
83
84
85
86
87
88
89
90
91
92
93
94
95
96
97
98
99
100
101
102
103
104
105
106
107
108
109
110
111
112
113
114
115
116
117
118
119
120
121
122
123
124
125
126
127
128
129
130
131
132
133
134
135
136
137
138
139
140
141
142
143
144
145
146
147
148
149
150
151
152
153
154
155
156
157
158
159
160
161
162
163
164
165
166
167
168
169
170
171
172
173
174
175
176
177
178
179
180
181
182
183
184
185
186
187
188
189
190
191
192
193
194
195
196
197
198
199
200
201
202
203
204
205
206
207
208
209
210
211
212
213
214
215
216
217
218
219
220
221
222
223
224
225
226
227
228
229
230
231
232
233
234
235
236
237
238
239
240
241
242
243
244
245
246
247
248
249
250
251
252
253
254
255
256
257
258
259
260
261
262
263
264
265
266
267
268
269
270
271
272
273
274
275
276
277
278
279
280
281
282
283
284
285
286
287
288
289
290
291
292
293
294
295
296
297
298
299
300
301
302
303
304
305
306
307
308
309
310
311
312
313
314
315
316
317
318
319
320
321
322
323
324
325
326
327
328
329
330
331
332
333
334
335
336
337
338
339
340
341
342
343
344
345
346
347
348
349
350
351
352
353
354
355
356
357
358
359
360
361
362
363
364
365
366
367
368
369
370
371
372
373
374
375
376
377
378
379
380
381
382
383
384
385
386
387
388
389
390
391
392
393
394
395
396
397
398
399
400
401
402
403
404
405
406
407
408
409
410
411
412
413
414
415
416
417
418
419
420
421
422
423
424
425
426
427
428
429
430
431
432
433
434
435
436
437
438
439
440
441
442
443
444
445
446
447
448
449
450
451
452
453
454
455
456
457
458
459
460
461
462
463
464
465
466
467
468
469
470
471
472
473
474
475
476
477
478
479
480
481
482
483
484
485
486
487
488
489
490
491
492
493
494
495
496
497
498
499
500
501
502
503
504
505
506
507
508
509
510
511
512
513
514
515
516
517
518
519
520
521
522
523
524
525
526
527
528
529
530
531
532
533
534
535
536
537
538
539
540
541
542
543
544
545
546
547
548
549
550
551
552
553
554
555
556
557
558
559
560
561
562
563
564
565
566
567
568
569
570
571
572
573
574
575
576
577
578
579
580
581
582
583
584
585
586
587
588
589
590
591
592
593
594
595
596
597
598
599
600
601
602
603
604
605
606
607
608
609
610
611
612
613
614
615
616
617
618
619
620
621
622
623
624
625
626
627
628
629
630
631
632
633
634
635
636
637
638
639
640
641
642
643
644
645
646
647
648
649
650
651
652
653
654
655
656
657
658
659
660
661
662
663
664
665
666
667
668
669
670
671
672
673
674
675
676
677
678
679
680
681
682
683
684
685
686
687
688
689
690
691
692
693
694
695
696 *
697
698
699
700
0 -- 1
0 -- 7
1 -- 2
2 -- 3
3 -- 8
3 -- 4
3 -- 14
4 -- 5
5 -- 6
6 -- 7
8 -- 9
9 -- 10
10 -- 11
10 -- 21
10 -- 15
11 -- 12
12 -- 13
13 -- 14
15 -- 16
16 -- 17
17 -- 18
17 -- 28
17 -- 22
18 -- 19
19 -- 20
20 -- 21
22 -- 23
23 -- 24
24 -- 25
24 -- 35
24 -- 29
25 -- 26
26 -- 27
27 -- 28
29 -- 30
30 -- 31
31 -- 32
31 -- 42
31 -- 36
32 -- 33
33 -- 34
34 -- 35
36 -- 37
37 -- 38
38 -- 49
38 -- 43
38 -- 39
39 -- 40
40 -- 41
41 -- 42
43 -- 44
44 -- 45
45 -- 56
45 -- 50
45 -- 46
46 -- 47
47 -- 48
48 -- 49
50 -- 51
51 -- 52
52 -- 57
52 -- 53
52 -- 63
53 -- 54
54 -- 55
55 -- 56
57 -- 58
58 -- 59
59 -- 64
59 -- 60
59 -- 70
60 -- 61
61 -- 62
62 -- 63
64 -- 65
65 -- 66
66 -- 67
66 -- 77
66 -- 71
67 -- 68
68 -- 69
69 -- 70
71 -- 72
72 -- 73
73 -- 74
73 -- 84
73 -- 78
74 -- 75
75 -- 76
76 -- 77
78 -- 79
79 -- 80
80 -- 81
80 -- 91
80 -- 85
81 -- 82
82 -- 83
83 -- 84
85 -- 86
86 -- 87
87 -- 88
87 -- 98
87 -- 92
88 -- 89
89 -- 90
90 -- 91
92 -- 93
93 -- 94
94 -- 105
94 -- 99
94 -- 95
95 -- 96
96 -- 97
97 -- 98
99 -- 100
100 -- 101
101 -- 112
101 -- 106
101 -- 102
102 -- 103
103 -- 104
104 -- 105
106 -- 107
107 -- 108
108 -- 113
108 -- 109
108 -- 119
109 -- 110
110 -- 111
111 -- 112
113 -- 114
114 -- 115
115 -- 120
115 -- 116
115 -- 126
116 -- 117
117 -- 118
118 -- 119
120 -- 121
121 -- 122
122 -- 123
122 -- 133
122 -- 127
123 -- 124
124 -- 125
125 -- 126
127 -- 128
128 -- 129
129 -- 130
129 -- 140
129 -- 134
130 -- 131
131 -- 132
132 -- 133
134 -- 135
135 -- 136
136 -- 137
136 -- 147
136 -- 141
137 -- 138
138 -- 139
139 -- 140
141 -- 142
142 -- 143
143 -- 144
143 -- 154
143 -- 148
144 -- 145
145 -- 146
146 -- 147
148 -- 149
149 -- 150
150 -- 161
150 -- 155
150 -- 151
151 -- 152
152 -- 153
153 -- 154
155 -- 156
156 -- 157
157 -- 168
157 -- 162
157 -- 158
158 -- 159
159 -- 160
160 -- 161
162 -- 163
163 -- 164
164 -- 169
164 -- 165
164 -- 175
165 -- 166
166 -- 167
167 -- 168
169 -- 170
170 -- 171
171 -- 176
171 -- 172
171 -- 182
172 -- 173
173 -- 174
174 -- 175
176 -- 177
177 -- 178
178 -- 179
178 -- 189
178 -- 183
179 -- 180
180 -- 181
181 -- 182
183 -- 184
184 -- 185
185 -- 186
185 -- 196
185 -- 190
186 -- 187
187 -- 188
188 -- 189
190 -- 191
191 -- 192
192 -- 193
192 -- 203
192 -- 197
193 -- 194
194 -- 195
195 -- 196
197 -- 198
198 -- 199
199 -- 200
199 -- 210
199 -- 204
200 -- 201
201 -- 202
202 -- 203
204 -- 205
205 -- 206
206 -- 217
206 -- 211
206 -- 207
207 -- 208
208 -- 209
209 -- 210
211 -- 212
212 -- 213
213 -- 224
213 -- 218
213 -- 214
214 -- 215
215 -- 216
216 -- 217
218 -- 219
219 -- 220
220 -- 225
220 -- 221
220 -- 231
221 -- 222
222 -- 223
223 -- 224
225 -- 226
226 -- 227
227 -- 232
227 -- 228
227 -- 238
228 -- 229
229 -- 230
230 -- 231
232 -- 233
233 -- 234
234 -- 235
234 -- 245
234 -- 239
235 -- 236
236 -- 237
237 -- 238
239 -- 240
240 -- 241
241 -- 242
241 -- 252
241 -- 246
242 -- 243
243 -- 244
244 -- 245
246 -- 247
247 -- 248
248 -- 249
248 -- 259
248 -- 253
249 -- 250
250 -- 251
251 -- 252
253 -- 254
254 -- 255
255 -- 256
255 -- 266
255 -- 260
256 -- 257
257 -- 258
258 -- 259
260 -- 261
261 -- 262
262 -- 273
262 -- 267
262 -- 263
263 -- 264
264 -- 265
265 -- 266
267 -- 268
268 -- 269
269 -- 280
269 -- 274
269 -- 270
270 -- 271
271 -- 272
272 -- 273
274 -- 275
275 -- 276
276 -- 281
276 -- 277
276 -- 287
277 -- 278
278 -- 279
279 -- 280
281 -- 282
282 -- 283
283 -- 288
283 -- 284
283 -- 294
284 -- 285
285 -- 286
286 -- 287
288 -- 289
289 -- 290
290 -- 291
290 -- 301
290 -- 295
291 -- 292
292 -- 293
293 -- 294
295 -- 296
296 -- 297
297 -- 298
297 -- 308
297 -- 302
298 -- 299
299 -- 300
300 -- 301
302 -- 303
303 -- 304
304 -- 305
304 -- 315
304 -- 309
305 -- 306
306 -- 307
307 -- 308
309 -- 310
310 -- 311
311 -- 312
311 -- 322
311 -- 316
312 -- 313
313 -- 314
314 -- 315
316 -- 317
317 -- 318
318 -- 329
318 -- 323
318 -- 319
319 -- 320
320 -- 321
321 -- 322
323 -- 324
324 -- 325
325 -- 336
325 -- 330
325 -- 326
326 -- 327
327 -- 328
328 -- 329
330 -- 331
331 -- 332
332 -- 337
332 -- 333
332 -- 343
333 -- 334
334 -- 335
335 -- 336
337 -- 338
338 -- 339
339 -- 344
339 -- 340
339 -- 350
340 -- 341
341 -- 342
342 -- 343
344 -- 345
345 -- 346
346 -- 347
346 -- 357
346 -- 351
347 -- 348
348 -- 349
349 -- 350
351 -- 352
352 -- 353
353 -- 354
353 -- 364
353 -- 358
354 -- 355
355 -- 356
356 -- 357
358 -- 359
359 -- 360
360 -- 361
360 -- 371
360 -- 365
361 -- 362
362 -- 363
363 -- 364
365 -- 366
366 -- 367
367 -- 368
367 -- 378
367 -- 372
368 -- 369
369 -- 370
370 -- 371
372 -- 373
373 -- 374
374 -- 385
374 -- 379
374 -- 375
375 -- 376
376 -- 377
377 -- 378
379 -- 380
380 -- 381
381 -- 392
381 -- 386
381 -- 382
382 -- 383
383 -- 384
384 -- 385
386 -- 387
387 -- 388
388 -- 393
388 -- 389
388 -- 399
389 -- 390
390 -- 391
391 -- 392
393 -- 394
394 -- 395
395 -- 400
395 -- 396
395 -- 406
396 -- 397
397 -- 398
398 -- 399
400 -- 401
401 -- 402
402 -- 403
402 -- 413
402 -- 407
403 -- 404
404 -- 405
405 -- 406
407 -- 408
408 -- 409
409 -- 410
409 -- 420
409 -- 414
410 -- 411
411 -- 412
412 -- 413
414 -- 415
415 -- 416
416 -- 417
416 -- 427
416 -- 421
417 -- 418
418 -- 419
419 -- 420
421 -- 422
422 -- 423
423 -- 424
423 -- 434
423 -- 428
424 -- 425
425 -- 426
426 -- 427
428 -- 429
429 -- 430
430 -- 441
430 -- 435
430 -- 431
431 -- 432
432 -- 433
433 -- 434
435 -- 436
436 -- 437
437 -- 448
437 -- 442
437 -- 438
438 -- 439
439 -- 440
440 -- 441
442 -- 443
443 -- 444
444 -- 449
444 -- 445
444 -- 455
445 -- 446
446 -- 447
447 -- 448
449 -- 450
450 -- 451
451 -- 456
451 -- 452
451 -- 462
452 -- 453
453 -- 454
454 -- 455
456 -- 457
457 -- 458
458 -- 459
458 -- 469
458 -- 463
459 -- 460
460 -- 461
461 -- 462
463 -- 464
464 -- 465
465 -- 466
465 -- 476
465 -- 470
466 -- 467
467 -- 468
468 -- 469
470 -- 471
471 -- 472
472 -- 473
472 -- 483
472 -- 477
473 -- 474
474 -- 475
475 -- 476
477 -- 478
478 -- 479
479 -- 480
479 -- 490
479 -- 484
480 -- 481
481 -- 482
482 -- 483
484 -- 485
485 -- 486
486 -- 497
486 -- 491
486 -- 487
487 -- 488
488 -- 489
489 -- 490
491 -- 492
492 -- 493
493 -- 504
493 -- 498
493 -- 494
494 -- 495
495 -- 496
496 -- 497
498 -- 499
499 -- 500
500 -- 505
500 -- 501
500 -- 511
501 -- 502
502 -- 503
503 -- 504
505 -- 506
506 -- 507
507 -- 512
507 -- 508
507 -- 518
508 -- 509
509 -- 510
510 -- 511
512 -- 513
513 -- 514
514 -- 515
514 -- 525
514 -- 519
515 -- 516
516 -- 517
517 -- 518
519 -- 520
520 -- 521
521 -- 522
521 -- 532
521 -- 526
522 -- 523
523 -- 524
524 -- 525
526 -- 527
527 -- 528
528 -- 529
528 -- 539
528 -- 533
529 -- 530
530 -- 531
531 -- 532
533 -- 534
534 -- 535
535 -- 536
535 -- 546
535 -- 540
536 -- 537
537 -- 538
538 -- 539
540 -- 541
541 -- 542
542 -- 553
542 -- 547
542 -- 543
543 -- 544
544 -- 545
545 -- 546
547 -- 548
548 -- 549
549 -- 560
549 -- 554
549 -- 550
550 -- 551
551 -- 552
552 -- 553
554 -- 555
555 -- 556
556 -- 561
556 -- 557
556 -- 567
557 -- 558
558 -- 559
559 -- 560
561 -- 562
562 -- 563
563 -- 568
563 -- 564
563 -- 574
564 -- 565
565 -- 566
566 -- 567
568 -- 569
569 -- 570
570 -- 571
570 -- 581
570 -- 575
571 -- 572
572 -- 573
573 -- 574
575 -- 576
576 -- 577
577 -- 578
577 -- 588
577 -- 582
578 -- 579
579 -- 580
580 -- 581
582 -- 583
583 -- 584
584 -- 585
584 -- 595
584 -- 589
585 -- 586
586 -- 587
587 -- 588
589 -- 590
590 -- 591
591 -- 592
591 -- 602
591 -- 596
592 -- 593
593 -- 594
594 -- 595
596 -- 597
597 -- 598
598 -- 609
598 -- 603
598 -- 599
599 -- 600
600 -- 601
601 -- 602
603 -- 604
604 -- 605
605 -- 616
605 -- 610
605 -- 606
606 -- 607
607 -- 608
608 -- 609
610 -- 611
611 -- 612
612 -- 617
612 -- 613
612 -- 623
613 -- 614
614 -- 615
615 -- 616
617 -- 618
618 -- 619
619 -- 624
619 -- 620
619 -- 630
620 -- 621
621 -- 622
622 -- 623
624 -- 625
625 -- 626
626 -- 627
626 -- 637
626 -- 631
627 -- 628
628 -- 629
629 -- 630
631 -- 632
632 -- 633
633 -- 634
633 -- 644
633 -- 638
634 -- 635
635 -- 636
636 -- 637
638 -- 639
639 -- 640
640 -- 641
640 -- 651
640 -- 645
641 -- 642
642 -- 643
643 -- 644
645 -- 646
646 -- 647
647 -- 648
647 -- 658
647 -- 652
648 -- 649
649 -- 650
650 -- 651
652 -- 653
653 -- 654
654 -- 665
654 -- 659
654 -- 655
655 -- 656
656 -- 657
657 -- 658
659 -- 660
660 -- 661
661 -- 672
661 -- 666
661 -- 662
662 -- 663
663 -- 664
664 -- 665
666 -- 667
667 -- 668
668 -- 673
668 -- 669
668 -- 679
669 -- 670
670 -- 671
671 -- 672
673 -- 674
674 -- 675
675 -- 680
675 -- 676
675 -- 686
676 -- 677
677 -- 678
678 -- 679
680 -- 681
681 -- 682
682 -- 683
682 -- 693
682 -- 687
683 -- 684
684 -- 685
685 -- 686
687 -- 688
688 -- 689
689 -- 690
689 -- 700
689 -- 694
690 -- 691
691 -- 692
692 -- 693
694 -- 695
695 -- 696
696 -- 697
697 -- 698
698 -- 699
699 -- 700
