62 71 1
7 0
0
1
2
3
4
5
6
7
8
9
10
11
12
13
14
15
16
17
18
19
20
21
22
23
24
25
26
27
28
29
30
31
32
33
34
35
36
37
38
39
40
41
42
43
44
45
46
47
48
49
50
51
52
53
54
55
56
57 *
58
59
60
61
0 -- 1
0 -- 7
1 -- 2
2 -- 3
2 -- 13
3 -- 8
3 -- 4
4 -- 5
5 -- 6
6 -- 7
8 -- 19
8 -- 9
9 -- 10
9 -- 14
10 -- 11
11 -- 12
12 -- 13
14 -- 25
14 -- 15
15 -- 16
15 -- 20
16 -- 17
17 -- 18
18 -- 19
20 -- 31
20 -- 21
21 -- 26
21 -- 22
22 -- 23
23 -- 24
24 -- 25
26 -- 27
26 -- 37
27 -- 32
27 -- 28
28 -- 29
29 -- 30
30 -- 31
32 -- 33
32 -- 43
33 -- 34
33 -- 38
34 -- 35
35 -- 36
36 -- 37
38 -- 49
38 -- 39
39 -- 40
39 -- 44
40 -- 41
41 -- 42
42 -- 43
44 -- 55
44 -- 45
45 -- 50
45 -- 46
46 -- 47
47 -- 48
48 -- 49
50 -- 51
50 -- 61
51 -- 56
51 -- 52
52 -- 53
53 -- 54
54 -- 55
56 -- 57
57 -- 58
58 -- 59
59 -- 60
60 -- 61
