80 89 1
7 0
0
1
2
3
4
5
6
7
8
9
10
11
12
13
14
15
16
17
18
19
20
21
22
23
24
25
26
27
28
29
30
31
32
33
34
35
36
37
38
39
40
41
42
43
44
45
46
47
48
49
50
51
52
53
54
55
56
57
58
59
60
61
62
63
64
65
66
67
68
69
70
71
72
73
74
75 *
76
77
78
79
0 -- 1
0 -- 7
1 -- 2
2 -- 3
3 -- 8
3 -- 4
4 -- 5
5 -- 6
6 -- 7
8 -- 9
8 -- 15
9 -- 10
10 -- 11
11 -- 16
11 -- 12
12 -- 13
13 -- 14
14 -- 15
16 -- 17
16 -- 23
17 -- 18
18 -- 19
19 -- 24
19 -- 20
20 -- 21
21 -- 22
22 -- 23
24 -- 25
24 -- 31
25 -- 26
26 -- 27
27 -- 32
27 -- 28
28 -- 29
29 -- 30
30 -- 31
32 -- 33
32 -- 39
33 -- 34
34 -- 35
35 -- 40
35 -- 36
36 -- 37
37 -- 38
38 -- 39
40 -- 41
40 -- 47
41 -- 42
42 -- 43
43 -- 48
43 -- 44
44 -- 45
45 -- 46
46 -- 47
48 -- 49
48 -- 55
49 -- 50
50 -- 51
51 -- 56
51 -- 52
52 -- 53
53 -- 54
54 -- 55
56 -- 57
56 -- 63
57 -- 58
58 -- 59
59 -- 64
59 -- 60
60 -- 61
61 -- 62
62 -- 63
64 -- 65
64 -- 71
65 -- 66
66 -- 67
67 -- 72
67 -- 68
68 -- 69
69 -- 70
70 -- 71
72 -- 73
72 -- 79
73 -- 74
74 -- 75
75 -- 76
76 -- 77
77 -- 78
78 -- 79
