602 701 1
7 0
0
1
2
3
4
5
6
7
8
9
10
11
12
13
14
15
16
17
18
19
20
21
22
23
24
25
26
27
28
29
30
31
32
33
34
35
36
37
38
39
40
41
42
43
44
45
46
47
48
49
50
51
52
53
54
55
56
57
58
59
60
61
62
63
64
65
66
67
68
69
70
71
72
73
74
75
76
77
78
79
80
81
82
83
84
85
86
87
88
89
90
91
92
93
94
95
96
97
98
99
100
101
102
103
104
105
106
107
108
109
110
111
112
113
114
115
116
117
118
119
120
121
122
123
124
125
126
127
128
129
130
131
132
133
134
135
136
137
138
139
140
141
142
143
144
145
146
147
148
149
150
151
152
153
154
155
156
157
158
159
160
161
162
163
164
165
166
167
168
169
170
171
172
173
174
175
176
177
178
179
180
181
182
183
184
185
186
187
188
189
190
191
192
193
194
195
196
197
198
199
200
201
202
203
204
205
206
207
208
209
210
211
212
213
214
215
216
217
218
219
220
221
222
223
224
225
226
227
228
229
230
231
232
233
234
235
236
237
238
239
240
241
242
243
244
245
246
247
248
249
250
251
252
253
254
255
256
257
258
259
260
261
262
263
264
265
266
267
268
269
270
271
272
273
274
275
276
277
278
279
280
281
282
283
284
285
286
287
288
289
290
291
292
293
294
295
296
297
298
299
300
301
302
303
304
305
306
307
308
309
310
311
312
313
314
315
316
317
318
319
320
321
322
323
324
325
326
327
328
329
330
331
332
333
334
335
336
337
338
339
340
341
342
343
344
345
346
347
348
349
350
351
352
353
354
355
356
357
358
359
360
361
362
363
364
365
366
367
368
369
370
371
372
373
374
375
376
377
378
379
380
381
382
383
384
385
386
387
388
389
390
391
392
393
394
395
396
397
398
399
400
401
402
403
404
405
406
407
408
409
410
411
412
413
414
415
416
417
418
419
420
421
422
423
424
425
426
427
428
429
430
431
432
433
434
435
436
437
438
439
440
441
442
443
444
445
446
447
448
449
450
451
452
453
454
455
456
457
458
459
460
461
462
463
464
465
466
467
468
469
470
471
472
473
474
475
476
477
478
479
480
481
482
483
484
485
486
487
488
489
490
491
492
493
494
495
496
497
498
499
500
501
502
503
504
505
506
507
508
509
510
511
512
513
514
515
516
517
518
519
520
521
522
523
524
525
526
527
528
529
530
531
532
533
534
535
536
537
538
539
540
541
542
543
544
545
546
547
548
549
550
551
552
553
554
555
556
557
558
559
560
561
562
563
564
565
566
567
568
569
570
571
572
573
574
575
576
577
578
579
580
581
582
583
584
585
586
587
588
589
590
591
592
593
594
595
596
597 *
598
599
600
601
0 -- 1
0 -- 7
1 -- 2
2 -- 3
2 -- 13
3 -- 8
3 -- 4
4 -- 5
5 -- 6
6 -- 7
8 -- 19
8 -- 9
9 -- 10
9 -- 14
10 -- 11
11 -- 12
12 -- 13
14 -- 25
14 -- 15
15 -- 16
15 -- 20
16 -- 17
17 -- 18
18 -- 19
20 -- 31
20 -- 21
21 -- 26
21 -- 22
22 -- 23
23 -- 24
24 -- 25
26 -- 27
26 -- 37
27 -- 32
27 -- 28
28 -- 29
29 -- 30
30 -- 31
32 -- 33
32 -- 43
33 -- 34
33 -- 38
34 -- 35
35 -- 36
36 -- 37
38 -- 49
38 -- 39
39 -- 40
39 -- 44
40 -- 41
41 -- 42
42 -- 43
44 -- 55
44 -- 45
45 -- 50
45 -- 46
46 -- 47
47 -- 48
48 -- 49
50 -- 51
50 -- 61
51 -- 56
51 -- 52
52 -- 53
53 -- 54
54 -- 55
56 -- 57
56 -- 67
57 -- 58
57 -- 62
58 -- 59
59 -- 60
60 -- 61
62 -- 73
62 -- 63
63 -- 64
63 -- 68
64 -- 65
65 -- 66
66 -- 67
68 -- 79
68 -- 69
69 -- 74
69 -- 70
70 -- 71
71 -- 72
72 -- 73
74 -- 75
74 -- 85
75 -- 80
75 -- 76
76 -- 77
77 -- 78
78 -- 79
80 -- 81
80 -- 91
81 -- 82
81 -- 86
82 -- 83
83 -- 84
84 -- 85
86 -- 97
86 -- 87
87 -- 88
87 -- 92
88 -- 89
89 -- 90
90 -- 91
92 -- 103
92 -- 93
93 -- 98
93 -- 94
94 -- 95
95 -- 96
96 -- 97
98 -- 99
98 -- 109
99 -- 104
99 -- 100
100 -- 101
101 -- 102
102 -- 103
104 -- 115
104 -- 105
105 -- 106
105 -- 110
106 -- 107
107 -- 108
108 -- 109
110 -- 121
110 -- 111
111 -- 112
111 -- 116
112 -- 113
113 -- 114
114 -- 115
116 -- 127
116 -- 117
117 -- 122
117 -- 118
118 -- 119
119 -- 120
120 -- 121
122 -- 123
122 -- 133
123 -- 128
123 -- 124
124 -- 125
125 -- 126
126 -- 127
128 -- 129
128 -- 139
129 -- 130
129 -- 134
130 -- 131
131 -- 132
132 -- 133
134 -- 145
134 -- 135
135 -- 136
135 -- 140
136 -- 137
137 -- 138
138 -- 139
140 -- 151
140 -- 141
141 -- 146
141 -- 142
142 -- 143
143 -- 144
144 -- 145
146 -- 147
146 -- 157
147 -- 152
147 -- 148
148 -- 149
149 -- 150
150 -- 151
152 -- 153
152 -- 163
153 -- 154
153 -- 158
154 -- 155
155 -- 156
156 -- 157
158 -- 169
158 -- 159
159 -- 160
159 -- 164
160 -- 161
161 -- 162
162 -- 163
164 -- 175
164 -- 165
165 -- 170
165 -- 166
166 -- 167
167 -- 168
168 -- 169
170 -- 171
170 -- 181
171 -- 176
171 -- 172
172 -- 173
173 -- 174
174 -- 175
176 -- 177
176 -- 187
177 -- 178
177 -- 182
178 -- 179
179 -- 180
180 -- 181
182 -- 193
182 -- 183
183 -- 184
183 -- 188
184 -- 185
185 -- 186
186 -- 187
188 -- 199
188 -- 189
189 -- 194
189 -- 190
190 -- 191
191 -- 192
192 -- 193
194 -- 195
194 -- 205
195 -- 200
195 -- 196
196 -- 197
197 -- 198
198 -- 199
200 -- 201
200 -- 211
201 -- 202
201 -- 206
202 -- 203
203 -- 204
204 -- 205
206 -- 217
206 -- 207
207 -- 208
207 -- 212
208 -- 209
209 -- 210
210 -- 211
212 -- 223
212 -- 213
213 -- 218
213 -- 214
214 -- 215
215 -- 216
216 -- 217
218 -- 219
218 -- 229
219 -- 224
219 -- 220
220 -- 221
221 -- 222
222 -- 223
224 -- 225
224 -- 235
225 -- 226
225 -- 230
226 -- 227
227 -- 228
228 -- 229
230 -- 241
230 -- 231
231 -- 232
231 -- 236
232 -- 233
233 -- 234
234 -- 235
236 -- 247
236 -- 237
237 -- 242
237 -- 238
238 -- 239
239 -- 240
240 -- 241
242 -- 243
242 -- 253
243 -- 248
243 -- 244
244 -- 245
245 -- 246
246 -- 247
248 -- 259
248 -- 249
249 -- 250
249 -- 254
250 -- 251
251 -- 252
252 -- 253
254 -- 265
254 -- 255
255 -- 256
255 -- 260
256 -- 257
257 -- 258
258 -- 259
260 -- 271
260 -- 261
261 -- 266
261 -- 262
262 -- 263
263 -- 264
264 -- 265
266 -- 267
266 -- 277
267 -- 272
267 -- 268
268 -- 269
269 -- 270
270 -- 271
272 -- 283
272 -- 273
273 -- 274
273 -- 278
274 -- 275
275 -- 276
276 -- 277
278 -- 289
278 -- 279
279 -- 280
279 -- 284
280 -- 281
281 -- 282
282 -- 283
284 -- 295
284 -- 285
285 -- 290
285 -- 286
286 -- 287
287 -- 288
288 -- 289
290 -- 291
290 -- 301
291 -- 296
291 -- 292
292 -- 293
293 -- 294
294 -- 295
296 -- 297
296 -- 307
297 -- 298
297 -- 302
298 -- 299
299 -- 300
300 -- 301
302 -- 313
302 -- 303
303 -- 304
303 -- 308
304 -- 305
305 -- 306
306 -- 307
308 -- 319
308 -- 309
309 -- 314
309 -- 310
310 -- 311
311 -- 312
312 -- 313
314 -- 315
314 -- 325
315 -- 320
315 -- 316
316 -- 317
317 -- 318
318 -- 319
320 -- 321
320 -- 331
321 -- 322
321 -- 326
322 -- 323
323 -- 324
324 -- 325
326 -- 337
326 -- 327
327 -- 328
327 -- 332
328 -- 329
329 -- 330
330 -- 331
332 -- 343
332 -- 333
333 -- 338
333 -- 334
334 -- 335
335 -- 336
336 -- 337
338 -- 339
338 -- 349
339 -- 344
339 -- 340
340 -- 341
341 -- 342
342 -- 343
344 -- 355
344 -- 345
345 -- 346
345 -- 350
346 -- 347
347 -- 348
348 -- 349
350 -- 361
350 -- 351
351 -- 352
351 -- 356
352 -- 353
353 -- 354
354 -- 355
356 -- 367
356 -- 357
357 -- 362
357 -- 358
358 -- 359
359 -- 360
360 -- 361
362 -- 363
362 -- 373
363 -- 368
363 -- 364
364 -- 365
365 -- 366
366 -- 367
368 -- 379
368 -- 369
369 -- 370
369 -- 374
370 -- 371
371 -- 372
372 -- 373
374 -- 385
374 -- 375
375 -- 376
375 -- 380
376 -- 377
377 -- 378
378 -- 379
380 -- 391
380 -- 381
381 -- 386
381 -- 382
382 -- 383
383 -- 384
384 -- 385
386 -- 387
386 -- 397
387 -- 392
387 -- 388
388 -- 389
389 -- 390
390 -- 391
392 -- 393
392 -- 403
393 -- 394
393 -- 398
394 -- 395
395 -- 396
396 -- 397
398 -- 409
398 -- 399
399 -- 400
399 -- 404
400 -- 401
401 -- 402
402 -- 403
404 -- 415
404 -- 405
405 -- 410
405 -- 406
406 -- 407
407 -- 408
408 -- 409
410 -- 411
410 -- 421
411 -- 416
411 -- 412
412 -- 413
413 -- 414
414 -- 415
416 -- 417
416 -- 427
417 -- 418
417 -- 422
418 -- 419
419 -- 420
420 -- 421
422 -- 433
422 -- 423
423 -- 424
423 -- 428
424 -- 425
425 -- 426
426 -- 427
428 -- 439
428 -- 429
429 -- 434
429 -- 430
430 -- 431
431 -- 432
432 -- 433
434 -- 435
434 -- 445
435 -- 440
435 -- 436
436 -- 437
437 -- 438
438 -- 439
440 -- 441
440 -- 451
441 -- 442
441 -- 446
442 -- 443
443 -- 444
444 -- 445
446 -- 457
446 -- 447
447 -- 448
447 -- 452
448 -- 449
449 -- 450
450 -- 451
452 -- 463
452 -- 453
453 -- 458
453 -- 454
454 -- 455
455 -- 456
456 -- 457
458 -- 459
458 -- 469
459 -- 464
459 -- 460
460 -- 461
461 -- 462
462 -- 463
464 -- 465
464 -- 475
465 -- 466
465 -- 470
466 -- 467
467 -- 468
468 -- 469
470 -- 481
470 -- 471
471 -- 472
471 -- 476
472 -- 473
473 -- 474
474 -- 475
476 -- 487
476 -- 477
477 -- 482
477 -- 478
478 -- 479
479 -- 480
480 -- 481
482 -- 483
482 -- 493
483 -- 488
483 -- 484
484 -- 485
485 -- 486
486 -- 487
488 -- 489
488 -- 499
489 -- 490
489 -- 494
490 -- 491
491 -- 492
492 -- 493
494 -- 505
494 -- 495
495 -- 496
495 -- 500
496 -- 497
497 -- 498
498 -- 499
500 -- 511
500 -- 501
501 -- 506
501 -- 502
502 -- 503
503 -- 504
504 -- 505
506 -- 507
506 -- 517
507 -- 512
507 -- 508
508 -- 509
509 -- 510
510 -- 511
512 -- 523
512 -- 513
513 -- 514
513 -- 518
514 -- 515
515 -- 516
516 -- 517
518 -- 529
518 -- 519
519 -- 520
519 -- 524
520 -- 521
521 -- 522
522 -- 523
524 -- 535
524 -- 525
525 -- 530
525 -- 526
526 -- 527
527 -- 528
528 -- 529
530 -- 531
530 -- 541
531 -- 536
531 -- 532
532 -- 533
533 -- 534
534 -- 535
536 -- 537
536 -- 547
537 -- 538
537 -- 542
538 -- 539
539 -- 540
540 -- 541
542 -- 553
542 -- 543
543 -- 544
543 -- 548
544 -- 545
545 -- 546
546 -- 547
548 -- 559
548 -- 549
549 -- 554
549 -- 550
550 -- 551
551 -- 552
552 -- 553
554 -- 555
554 -- 565
555 -- 560
555 -- 556
556 -- 557
557 -- 558
558 -- 559
560 -- 561
560 -- 571
561 -- 562
561 -- 566
562 -- 563
563 -- 564
564 -- 565
566 -- 577
566 -- 567
567 -- 568
567 -- 572
568 -- 569
569 -- 570
570 -- 571
572 -- 583
572 -- 573
573 -- 578
573 -- 574
574 -- 575
575 -- 576
576 -- 577
578 -- 579
578 -- 589
579 -- 584
579 -- 580
580 -- 581
581 -- 582
582 -- 583
584 -- 585
584 -- 595
585 -- 586
585 -- 590
586 -- 587
587 -- 588
588 -- 589
590 -- 601
590 -- 591
591 -- 592
591 -- 596
592 -- 593
593 -- 594
594 -- 595
596 -- 597
597 -- 598
598 -- 599
599 -- 600
600 -- 601
