800 899 1
7 0
0
1
2
3
4
5
6
7
8
9
10
11
12
13
14
15
16
17
18
19
20
21
22
23
24
25
26
27
28
29
30
31
32
33
34
35
36
37
38
39
40
41
42
43
44
45
46
47
48
49
50
51
52
53
54
55
56
57
58
59
60
61
62
63
64
65
66
67
68
69
70
71
72
73
74
75
76
77
78
79
80
81
82
83
84
85
86
87
88
89
90
91
92
93
94
95
96
97
98
99
100
101
102
103
104
105
106
107
108
109
110
111
112
113
114
115
116
117
118
119
120
121
122
123
124
125
126
127
128
129
130
131
132
133
134
135
136
137
138
139
140
141
142
143
144
145
146
147
148
149
150
151
152
153
154
155
156
157
158
159
160
161
162
163
164
165
166
167
168
169
170
171
172
173
174
175
176
177
178
179
180
181
182
183
184
185
186
187
188
189
190
191
192
193
194
195
196
197
198
199
200
201
202
203
204
205
206
207
208
209
210
211
212
213
214
215
216
217
218
219
220
221
222
223
224
225
226
227
228
229
230
231
232
233
234
235
236
237
238
239
240
241
242
243
244
245
246
247
248
249
250
251
252
253
254
255
256
257
258
259
260
261
262
263
264
265
266
267
268
269
270
271
272
273
274
275
276
277
278
279
280
281
282
283
284
285
286
287
288
289
290
291
292
293
294
295
296
297
298
299
300
301
302
303
304
305
306
307
308
309
310
311
312
313
314
315
316
317
318
319
320
321
322
323
324
325
326
327
328
329
330
331
332
333
334
335
336
337
338
339
340
341
342
343
344
345
346
347
348
349
350
351
352
353
354
355
356
357
358
359
360
361
362
363
364
365
366
367
368
369
370
371
372
373
374
375
376
377
378
379
380
381
382
383
384
385
386
387
388
389
390
391
392
393
394
395
396
397
398
399
400
401
402
403
404
405
406
407
408
409
410
411
412
413
414
415
416
417
418
419
420
421
422
423
424
425
426
427
428
429
430
431
432
433
434
435
436
437
438
439
440
441
442
443
444
445
446
447
448
449
450
451
452
453
454
455
456
457
458
459
460
461
462
463
464
465
466
467
468
469
470
471
472
473
474
475
476
477
478
479
480
481
482
483
484
485
486
487
488
489
490
491
492
493
494
495
496
497
498
499
500
501
502
503
504
505
506
507
508
509
510
511
512
513
514
515
516
517
518
519
520
521
522
523
524
525
526
527
528
529
530
531
532
533
534
535
536
537
538
539
540
541
542
543
544
545
546
547
548
549
550
551
552
553
554
555
556
557
558
559
560
561
562
563
564
565
566
567
568
569
570
571
572
573
574
575
576
577
578
579
580
581
582
583
584
585
586
587
588
589
590
591
592
593
594
595
596
597
598
599
600
601
602
603
604
605
606
607
608
609
610
611
612
613
614
615
616
617
618
619
620
621
622
623
624
625
626
627
628
629
630
631
632
633
634
635
636
637
638
639
640
641
642
643
644
645
646
647
648
649
650
651
652
653
654
655
656
657
658
659
660
661
662
663
664
665
666
667
668
669
670
671
672
673
674
675
676
677
678
679
680
681
682
683
684
685
686
687
688
689
690
691
692
693
694
695
696
697
698
699
700
701
702
703
704
705
706
707
708
709
710
711
712
713
714
715
716
717
718
719
720
721
722
723
724
725
726
727
728
729
730
731
732
733
734
735
736
737
738
739
740
741
742
743
744
745
746
747
748
749
750
751
752
753
754
755
756
757
758
759
760
761
762
763
764
765
766
767
768
769
770
771
772
773
774
775
776
777
778
779
780
781
782
783
784
785
786
787
788
789
790
791
792
793
794
795 *
796
797
798
799
0 -- 1
0 -- 7
1 -- 2
2 -- 3
3 -- 8
3 -- 4
4 -- 5
5 -- 6
6 -- 7
8 -- 9
8 -- 15
9 -- 10
10 -- 11
11 -- 16
11 -- 12
12 -- 13
13 -- 14
14 -- 15
16 -- 17
16 -- 23
17 -- 18
18 -- 19
19 -- 24
19 -- 20
20 -- 21
21 -- 22
22 -- 23
24 -- 25
24 -- 31
25 -- 26
26 -- 27
27 -- 32
27 -- 28
28 -- 29
29 -- 30
30 -- 31
32 -- 33
32 -- 39
33 -- 34
34 -- 35
35 -- 40
35 -- 36
36 -- 37
37 -- 38
38 -- 39
40 -- 41
40 -- 47
41 -- 42
42 -- 43
43 -- 48
43 -- 44
44 -- 45
45 -- 46
46 -- 47
48 -- 49
48 -- 55
49 -- 50
50 -- 51
51 -- 56
51 -- 52
52 -- 53
53 -- 54
54 -- 55
56 -- 57
56 -- 63
57 -- 58
58 -- 59
59 -- 64
59 -- 60
60 -- 61
61 -- 62
62 -- 63
64 -- 65
64 -- 71
65 -- 66
66 -- 67
67 -- 72
67 -- 68
68 -- 69
69 -- 70
70 -- 71
72 -- 73
72 -- 79
73 -- 74
74 -- 75
75 -- 80
75 -- 76
76 -- 77
77 -- 78
78 -- 79
80 -- 81
80 -- 87
81 -- 82
82 -- 83
83 -- 88
83 -- 84
84 -- 85
85 -- 86
86 -- 87
88 -- 89
88 -- 95
89 -- 90
90 -- 91
91 -- 96
91 -- 92
92 -- 93
93 -- 94
94 -- 95
96 -- 97
96 -- 103
97 -- 98
98 -- 99
99 -- 104
99 -- 100
100 -- 101
101 -- 102
102 -- 103
104 -- 105
104 -- 111
105 -- 106
106 -- 107
107 -- 112
107 -- 108
108 -- 109
109 -- 110
110 -- 111
112 -- 113
112 -- 119
113 -- 114
114 -- 115
115 -- 120
115 -- 116
116 -- 117
117 -- 118
118 -- 119
120 -- 121
120 -- 127
121 -- 122
122 -- 123
123 -- 128
123 -- 124
124 -- 125
125 -- 126
126 -- 127
128 -- 129
128 -- 135
129 -- 130
130 -- 131
131 -- 136
131 -- 132
132 -- 133
133 -- 134
134 -- 135
136 -- 137
136 -- 143
137 -- 138
138 -- 139
139 -- 144
139 -- 140
140 -- 141
141 -- 142
142 -- 143
144 -- 145
144 -- 151
145 -- 146
146 -- 147
147 -- 152
147 -- 148
148 -- 149
149 -- 150
150 -- 151
152 -- 153
152 -- 159
153 -- 154
154 -- 155
155 -- 160
155 -- 156
156 -- 157
157 -- 158
158 -- 159
160 -- 161
160 -- 167
161 -- 162
162 -- 163
163 -- 168
163 -- 164
164 -- 165
165 -- 166
166 -- 167
168 -- 169
168 -- 175
169 -- 170
170 -- 171
171 -- 176
171 -- 172
172 -- 173
173 -- 174
174 -- 175
176 -- 177
176 -- 183
177 -- 178
178 -- 179
179 -- 184
179 -- 180
180 -- 181
181 -- 182
182 -- 183
184 -- 185
184 -- 191
185 -- 186
186 -- 187
187 -- 192
187 -- 188
188 -- 189
189 -- 190
190 -- 191
192 -- 193
192 -- 199
193 -- 194
194 -- 195
195 -- 200
195 -- 196
196 -- 197
197 -- 198
198 -- 199
200 -- 201
200 -- 207
201 -- 202
202 -- 203
203 -- 208
203 -- 204
204 -- 205
205 -- 206
206 -- 207
208 -- 209
208 -- 215
209 -- 210
210 -- 211
211 -- 216
211 -- 212
212 -- 213
213 -- 214
214 -- 215
216 -- 217
216 -- 223
217 -- 218
218 -- 219
219 -- 224
219 -- 220
220 -- 221
221 -- 222
222 -- 223
224 -- 225
224 -- 231
225 -- 226
226 -- 227
227 -- 232
227 -- 228
228 -- 229
229 -- 230
230 -- 231
232 -- 233
232 -- 239
233 -- 234
234 -- 235
235 -- 240
235 -- 236
236 -- 237
237 -- 238
238 -- 239
240 -- 241
240 -- 247
241 -- 242
242 -- 243
243 -- 248
243 -- 244
244 -- 245
245 -- 246
246 -- 247
248 -- 249
248 -- 255
249 -- 250
250 -- 251
251 -- 256
251 -- 252
252 -- 253
253 -- 254
254 -- 255
256 -- 257
256 -- 263
257 -- 258
258 -- 259
259 -- 264
259 -- 260
260 -- 261
261 -- 262
262 -- 263
264 -- 265
264 -- 271
265 -- 266
266 -- 267
267 -- 272
267 -- 268
268 -- 269
269 -- 270
270 -- 271
272 -- 273
272 -- 279
273 -- 274
274 -- 275
275 -- 280
275 -- 276
276 -- 277
277 -- 278
278 -- 279
280 -- 281
280 -- 287
281 -- 282
282 -- 283
283 -- 288
283 -- 284
284 -- 285
285 -- 286
286 -- 287
288 -- 289
288 -- 295
289 -- 290
290 -- 291
291 -- 296
291 -- 292
292 -- 293
293 -- 294
294 -- 295
296 -- 297
296 -- 303
297 -- 298
298 -- 299
299 -- 304
299 -- 300
300 -- 301
301 -- 302
302 -- 303
304 -- 305
304 -- 311
305 -- 306
306 -- 307
307 -- 312
307 -- 308
308 -- 309
309 -- 310
310 -- 311
312 -- 313
312 -- 319
313 -- 314
314 -- 315
315 -- 320
315 -- 316
316 -- 317
317 -- 318
318 -- 319
320 -- 321
320 -- 327
321 -- 322
322 -- 323
323 -- 328
323 -- 324
324 -- 325
325 -- 326
326 -- 327
328 -- 329
328 -- 335
329 -- 330
330 -- 331
331 -- 336
331 -- 332
332 -- 333
333 -- 334
334 -- 335
336 -- 337
336 -- 343
337 -- 338
338 -- 339
339 -- 344
339 -- 340
340 -- 341
341 -- 342
342 -- 343
344 -- 345
344 -- 351
345 -- 346
346 -- 347
347 -- 352
347 -- 348
348 -- 349
349 -- 350
350 -- 351
352 -- 353
352 -- 359
353 -- 354
354 -- 355
355 -- 360
355 -- 356
356 -- 357
357 -- 358
358 -- 359
360 -- 361
360 -- 367
361 -- 362
362 -- 363
363 -- 368
363 -- 364
364 -- 365
365 -- 366
366 -- 367
368 -- 369
368 -- 375
369 -- 370
370 -- 371
371 -- 376
371 -- 372
372 -- 373
373 -- 374
374 -- 375
376 -- 377
376 -- 383
377 -- 378
378 -- 379
379 -- 384
379 -- 380
380 -- 381
381 -- 382
382 -- 383
384 -- 385
384 -- 391
385 -- 386
386 -- 387
387 -- 392
387 -- 388
388 -- 389
389 -- 390
390 -- 391
392 -- 393
392 -- 399
393 -- 394
394 -- 395
395 -- 400
395 -- 396
396 -- 397
397 -- 398
398 -- 399
400 -- 401
400 -- 407
401 -- 402
402 -- 403
403 -- 408
403 -- 404
404 -- 405
405 -- 406
406 -- 407
408 -- 409
408 -- 415
409 -- 410
410 -- 411
411 -- 416
411 -- 412
412 -- 413
413 -- 414
414 -- 415
416 -- 417
416 -- 423
417 -- 418
418 -- 419
419 -- 424
419 -- 420
420 -- 421
421 -- 422
422 -- 423
424 -- 425
424 -- 431
425 -- 426
426 -- 427
427 -- 432
427 -- 428
428 -- 429
429 -- 430
430 -- 431
432 -- 433
432 -- 439
433 -- 434
434 -- 435
435 -- 440
435 -- 436
436 -- 437
437 -- 438
438 -- 439
440 -- 441
440 -- 447
441 -- 442
442 -- 443
443 -- 448
443 -- 444
444 -- 445
445 -- 446
446 -- 447
448 -- 449
448 -- 455
449 -- 450
450 -- 451
451 -- 456
451 -- 452
452 -- 453
453 -- 454
454 -- 455
456 -- 457
456 -- 463
457 -- 458
458 -- 459
459 -- 464
459 -- 460
460 -- 461
461 -- 462
462 -- 463
464 -- 465
464 -- 471
465 -- 466
466 -- 467
467 -- 472
467 -- 468
468 -- 469
469 -- 470
470 -- 471
472 -- 473
472 -- 479
473 -- 474
474 -- 475
475 -- 480
475 -- 476
476 -- 477
477 -- 478
478 -- 479
480 -- 481
480 -- 487
481 -- 482
482 -- 483
483 -- 488
483 -- 484
484 -- 485
485 -- 486
486 -- 487
488 -- 489
488 -- 495
489 -- 490
490 -- 491
491 -- 496
491 -- 492
492 -- 493
493 -- 494
494 -- 495
496 -- 497
496 -- 503
497 -- 498
498 -- 499
499 -- 504
499 -- 500
500 -- 501
501 -- 502
502 -- 503
504 -- 505
504 -- 511
505 -- 506
506 -- 507
507 -- 512
507 -- 508
508 -- 509
509 -- 510
510 -- 511
512 -- 513
512 -- 519
513 -- 514
514 -- 515
515 -- 520
515 -- 516
516 -- 517
517 -- 518
518 -- 519
520 -- 521
520 -- 527
521 -- 522
522 -- 523
523 -- 528
523 -- 524
524 -- 525
525 -- 526
526 -- 527
528 -- 529
528 -- 535
529 -- 530
530 -- 531
531 -- 536
531 -- 532
532 -- 533
533 -- 534
534 -- 535
536 -- 537
536 -- 543
537 -- 538
538 -- 539
539 -- 544
539 -- 540
540 -- 541
541 -- 542
542 -- 543
544 -- 545
544 -- 551
545 -- 546
546 -- 547
547 -- 552
547 -- 548
548 -- 549
549 -- 550
550 -- 551
552 -- 553
552 -- 559
553 -- 554
554 -- 555
555 -- 560
555 -- 556
556 -- 557
557 -- 558
558 -- 559
560 -- 561
560 -- 567
561 -- 562
562 -- 563
563 -- 568
563 -- 564
564 -- 565
565 -- 566
566 -- 567
568 -- 569
568 -- 575
569 -- 570
570 -- 571
571 -- 576
571 -- 572
572 -- 573
573 -- 574
574 -- 575
576 -- 577
576 -- 583
577 -- 578
578 -- 579
579 -- 584
579 -- 580
580 -- 581
581 -- 582
582 -- 583
584 -- 585
584 -- 591
585 -- 586
586 -- 587
587 -- 592
587 -- 588
588 -- 589
589 -- 590
590 -- 591
592 -- 593
592 -- 599
593 -- 594
594 -- 595
595 -- 600
595 -- 596
596 -- 597
597 -- 598
598 -- 599
600 -- 601
600 -- 607
601 -- 602
602 -- 603
603 -- 608
603 -- 604
604 -- 605
605 -- 606
606 -- 607
608 -- 609
608 -- 615
609 -- 610
610 -- 611
611 -- 616
611 -- 612
612 -- 613
613 -- 614
614 -- 615
616 -- 617
616 -- 623
617 -- 618
618 -- 619
619 -- 624
619 -- 620
620 -- 621
621 -- 622
622 -- 623
624 -- 625
624 -- 631
625 -- 626
626 -- 627
627 -- 632
627 -- 628
628 -- 629
629 -- 630
630 -- 631
632 -- 633
632 -- 639
633 -- 634
634 -- 635
635 -- 640
635 -- 636
636 -- 637
637 -- 638
638 -- 639
640 -- 641
640 -- 647
641 -- 642
642 -- 643
643 -- 648
643 -- 644
644 -- 645
645 -- 646
646 -- 647
648 -- 649
648 -- 655
649 -- 650
650 -- 651
651 -- 656
651 -- 652
652 -- 653
653 -- 654
654 -- 655
656 -- 657
656 -- 663
657 -- 658
658 -- 659
659 -- 664
659 -- 660
660 -- 661
661 -- 662
662 -- 663
664 -- 665
664 -- 671
665 -- 666
666 -- 667
667 -- 672
667 -- 668
668 -- 669
669 -- 670
670 -- 671
672 -- 673
672 -- 679
673 -- 674
674 -- 675
675 -- 680
675 -- 676
676 -- 677
677 -- 678
678 -- 679
680 -- 681
680 -- 687
681 -- 682
682 -- 683
683 -- 688
683 -- 684
684 -- 685
685 -- 686
686 -- 687
688 -- 689
688 -- 695
689 -- 690
690 -- 691
691 -- 696
691 -- 692
692 -- 693
693 -- 694
694 -- 695
696 -- 697
696 -- 703
697 -- 698
698 -- 699
699 -- 704
699 -- 700
700 -- 701
701 -- 702
702 -- 703
704 -- 705
704 -- 711
705 -- 706
706 -- 707
707 -- 712
707 -- 708
708 -- 709
709 -- 710
710 -- 711
712 -- 713
712 -- 719
713 -- 714
714 -- 715
715 -- 720
715 -- 716
716 -- 717
717 -- 718
718 -- 719
720 -- 721
720 -- 727
721 -- 722
722 -- 723
723 -- 728
723 -- 724
724 -- 725
725 -- 726
726 -- 727
728 -- 729
728 -- 735
729 -- 730
730 -- 731
731 -- 736
731 -- 732
732 -- 733
733 -- 734
734 -- 735
736 -- 737
736 -- 743
737 -- 738
738 -- 739
739 -- 744
739 -- 740
740 -- 741
741 -- 742
742 -- 743
744 -- 745
744 -- 751
745 -- 746
746 -- 747
747 -- 752
747 -- 748
748 -- 749
749 -- 750
750 -- 751
752 -- 753
752 -- 759
753 -- 754
754 -- 755
755 -- 760
755 -- 756
756 -- 757
757 -- 758
758 -- 759
760 -- 761
760 -- 767
761 -- 762
762 -- 763
763 -- 768
763 -- 764
764 -- 765
765 -- 766
766 -- 767
768 -- 769
768 -- 775
769 -- 770
770 -- 771
771 -- 776
771 -- 772
772 -- 773
773 -- 774
774 -- 775
776 -- 777
776 -- 783
777 -- 778
778 -- 779
779 -- 784
779 -- 780
780 -- 781
781 -- 782
782 -- 783
784 -- 785
784 -- 791
785 -- 786
786 -- 787
787 -- 792
787 -- 788
788 -- 789
789 -- 790
790 -- 791
792 -- 793
792 -- 799
793 -- 794
794 -- 795
795 -- 796
796 -- 797
797 -- 798
798 -- 799
