# Stable marriage instance based on Homer's Illiad.
#
# Contains 62 men and 62 women, mortal and immortal, based on the
# homer.dat data file distributed with Knuth's Stanford Graph
# Base. The preference ranks are based on the number of encounters;
# characters who meet ofter are supposed to like each other more. Ties
# are broken randomly.
#
n=62
1 Hector
2 Eos
3 Achilles
4 Danae
5 Zeus
6 Ariadne
7 Agamemnon
8 Cassandra
9 Patroclus
10 Iphis
11 Great-Ajax
12 Eileithyia
13 Odysseus
14 Medesicaste
15 Apollo
16 Dione
17 Diomedes
18 Aethra
19 Menelaus
20 Chrysothemis
21 Nestor
22 Europa
23 Aeneas
24 Charis
25 Meriones
26 Hippodameia
27 Poseidon
28 Enyo
29 Antilochus
30 Chryses
31 Teucer
32 Hecamede
33 Idomeneus
34 Ate
35 Priam
36 Clytia
37 Paris
38 Polymele
39 Lesser-Ajax
40 Polydora
41 Ares
42 Laothoe
43 Sarpedon
44 Eurynome
45 Iris
46 Eeriboea
47 Hephaestus
48 Laodice
49 Heracles
50 Althea
51 Glaucus
52 Briseis
53 Polydamus
54 Clymene
55 Automedon
56 Iphianassa
57 Peleus
58 Dia
59 Hermes
60 Demeter
61 Eurypylus
62 Artemis
63 Hades
64 Astyoche
65 Bellerophon
66 Marpessa
67 Sthenelus
68 Astyocheia
69 Agenor
70 Niobe
71 Idaeus
72 Rhea
73 Meges
74 Chryseis
75 Xanthus
76 Leto
77 Machaon
78 Cleopatra
79 Talthybius
80 Night
81 Deiphobus
82 Deipyle
83 Menestheus
84 Aphrodite
85 Asteropaeus
86 Semele
87 Acamas
88 Hera
89 Thrasymedes
90 Philonoe
91 Helenus
92 Hypsipyle
93 Leonteus
94 Laodice
95 Thoas
96 Athene
97 Laomedon
98 Theano
99 Sleep
100 Andromache
101 Pandarus
102 Helen
103 Polypoetes
104 Thetis
105 Peneleos
106 Agamede
107 Euryalus
108 Abarbarea
109 Anchises
110 Hesione
111 Cebriones
112 Hecuba
113 Strife
114 Tethys
115 Tydeus
116 Laodameia
117 Zephyr
118 Alcmene
119 Oeneus
120 Periboea
121 Eumelus
122 Anteia
123 Phoenix
124 Themis

1: 100 112 96 8 102 84 74 28 48 86 54 56 72 116 30 46 6 24 62 42 22 18 80 12 78 106 64 34 66 94 76 16 20 32 10 44 120 36 26 52 60 124 58 118 122 4 98 110 104 70 14 92 38 114 90 40 2 68 50 108 82 88 
2: 107 59 79 75 23 33 99 7 61 45 123 57 81 65 97 13 25 49 111 37 89 67 77 101 41 69 11 5 105 31 1 27 43 51 73 3 17 115 39 71 95 119 21 19 47 103 29 121 117 91 63 93 53 35 83 113 9 109 55 87 15 85 
3: 96 104 52 88 74 118 24 32 90 60 48 68 100 50 36 38 82 94 34 72 58 40 4 30 112 124 10 114 2 18 66 12 122 22 28 98 110 54 70 20 78 8 44 106 46 64 76 42 92 6 56 16 120 102 86 80 84 108 116 26 14 62 
4: 5 121 51 119 109 11 73 67 115 83 9 3 81 23 27 105 89 113 57 107 123 87 39 97 75 7 103 99 55 69 95 33 71 85 61 13 49 35 1 111 45 31 47 77 21 15 63 93 43 91 19 117 59 37 41 17 101 25 79 29 53 65 
5: 88 96 104 22 86 62 34 4 48 60 72 112 118 84 124 76 58 116 82 110 70 54 94 74 100 20 38 26 98 18 6 44 56 30 92 50 40 16 108 24 64 78 46 2 14 102 42 12 68 10 106 90 122 28 120 66 32 52 36 8 80 114 
6: 107 11 9 41 123 89 27 93 37 35 87 43 17 115 61 65 103 15 29 71 69 119 111 77 51 39 109 47 59 49 53 1 113 101 5 57 79 31 45 91 73 121 85 83 19 75 23 117 33 97 13 105 3 63 95 25 7 81 67 21 55 99 
7: 88 96 84 118 30 52 60 102 46 104 10 42 18 54 44 2 100 94 62 68 124 34 28 106 14 24 114 98 20 4 40 76 80 70 64 66 110 32 26 50 36 8 122 90 38 86 108 22 92 56 12 74 78 58 6 120 112 72 82 16 48 116 
8: 35 1 71 59 105 113 63 25 91 73 69 117 53 123 85 95 47 43 61 5 31 15 33 109 13 39 11 79 21 83 23 89 87 55 107 37 103 111 101 97 19 7 93 77 121 9 45 17 3 115 57 99 75 29 81 27 119 67 51 41 65 49 
9: 52 104 24 10 74 96 116 84 78 124 48 32 36 30 34 100 14 46 66 60 90 120 72 122 42 56 28 108 106 86 102 22 118 94 50 26 68 6 114 44 18 80 8 88 70 112 92 54 82 38 4 64 20 76 98 58 62 16 110 12 40 2 
10: 9 1 61 121 21 105 17 95 63 59 113 93 101 115 31 71 41 67 65 27 13 77 57 47 19 111 117 5 83 87 25 79 15 97 107 37 55 89 45 99 51 103 73 23 81 69 35 49 29 109 3 43 7 119 53 75 85 123 39 91 11 33 
11: 96 88 110 62 4 90 22 104 40 32 58 24 30 34 86 50 10 122 16 54 18 52 98 56 66 12 26 100 124 20 114 64 112 80 2 8 46 120 6 102 68 74 94 72 116 14 106 48 38 44 60 84 28 118 82 92 42 76 70 78 36 108 
12: 59 99 115 105 111 75 53 47 37 93 5 121 19 83 9 85 77 117 69 87 123 43 33 119 27 17 109 55 45 51 101 61 15 73 91 41 97 81 67 29 63 89 49 95 71 31 35 7 39 3 79 103 21 107 25 23 57 65 113 13 11 1 
13: 96 74 52 88 30 118 60 50 56 40 2 4 28 64 16 76 90 10 104 86 38 32 82 6 114 116 26 20 14 8 48 22 34 54 92 98 24 44 106 100 70 102 72 18 68 46 84 110 58 112 78 42 108 124 120 12 66 62 94 122 80 36 
14: 105 43 99 21 23 17 73 119 101 63 115 67 69 81 77 65 39 55 103 71 29 45 79 25 85 5 49 111 113 97 95 107 33 31 57 35 1 89 41 27 47 7 59 37 13 91 123 93 61 53 121 87 51 75 11 117 9 83 3 109 19 15 
15: 62 84 88 76 96 66 30 70 18 20 106 34 98 44 74 94 40 120 6 16 54 56 60 108 26 110 48 124 50 80 114 100 92 112 86 2 32 116 118 102 104 72 42 22 64 122 82 68 24 90 46 14 36 4 52 12 10 58 38 78 28 8 
16: 83 53 77 101 3 55 87 119 9 1 85 39 67 111 97 89 11 33 45 117 103 5 13 91 59 113 93 95 63 21 19 71 23 41 79 121 43 27 47 123 35 31 51 75 69 37 61 105 65 57 109 15 115 107 7 99 73 49 29 25 81 17 
17: 96 88 84 56 108 100 80 82 18 74 58 22 62 46 28 20 42 34 50 98 114 68 106 10 92 26 36 38 102 90 124 40 52 76 104 64 94 2 32 110 86 78 12 16 24 4 54 122 116 70 44 112 30 48 8 72 120 66 60 6 14 118 
18: 35 45 71 27 95 97 99 49 13 43 31 33 61 113 7 1 121 87 91 77 119 47 51 37 101 79 19 11 85 81 105 111 39 41 107 115 123 73 69 53 3 117 5 23 15 109 103 63 75 29 57 65 93 83 67 17 59 89 55 9 21 25 
19: 96 84 102 30 28 50 44 46 16 114 52 12 118 32 82 86 4 22 14 110 66 98 78 108 6 92 18 112 104 34 10 54 2 58 76 62 90 38 88 116 26 48 122 24 40 80 74 106 94 42 124 100 70 60 64 20 8 36 120 68 56 72 
20: 79 61 85 45 103 101 107 25 87 31 65 53 115 17 77 99 81 11 37 5 59 57 23 89 15 41 91 95 105 43 119 47 83 9 13 109 33 111 117 7 39 69 21 121 49 27 123 93 1 3 55 113 97 19 73 51 71 67 63 35 75 29 
21: 96 32 106 56 44 66 88 34 104 18 72 110 16 52 100 122 54 12 64 80 82 22 60 14 76 10 58 120 4 74 86 84 6 108 38 112 78 48 30 28 70 2 94 124 8 118 26 98 42 116 20 102 114 36 68 40 62 24 90 50 46 92 
22: 5 83 49 59 45 67 111 37 19 1 73 23 17 9 93 63 97 81 3 101 41 107 69 29 39 65 77 71 113 79 27 25 121 105 99 47 21 51 55 33 53 95 43 13 15 119 103 31 91 75 61 89 117 57 115 109 7 11 85 87 123 35 
23: 84 76 62 46 68 92 30 94 40 124 32 26 88 78 22 60 56 52 100 24 54 70 102 114 108 44 48 82 6 14 116 10 18 16 8 64 86 98 12 2 112 90 106 118 42 28 66 104 122 34 50 58 120 4 110 80 36 20 38 74 72 96 
24: 9 47 3 59 83 105 73 41 67 37 89 119 31 45 97 11 43 111 17 27 1 57 109 91 61 69 51 7 87 35 19 79 85 75 49 65 77 55 33 21 53 13 113 115 93 15 25 81 5 71 103 23 121 39 29 107 117 101 63 99 123 95 
25: 98 52 38 18 24 86 74 30 118 100 54 80 96 72 112 40 58 70 114 66 46 82 78 62 60 42 12 92 110 26 84 122 104 76 90 88 44 14 50 4 16 106 124 56 108 20 102 10 68 22 2 48 32 36 120 28 64 94 116 6 34 8 
26: 27 33 109 71 99 111 75 65 39 117 69 97 103 45 81 15 77 35 67 57 19 23 89 121 49 113 53 61 29 7 73 9 123 21 95 63 51 43 105 37 87 91 79 107 85 47 59 101 119 5 13 17 1 11 25 3 31 83 55 41 115 93 
27: 88 96 72 26 104 100 102 110 114 40 66 44 4 2 38 58 14 92 36 106 16 122 74 48 108 42 30 52 68 32 76 78 50 12 10 84 60 18 124 62 86 82 8 80 118 6 70 20 116 22 56 112 28 94 34 98 90 64 54 46 24 120 
28: 19 29 41 1 43 85 97 119 7 89 107 91 61 5 101 27 81 123 57 109 83 23 73 47 65 111 77 9 21 3 25 13 67 33 95 69 71 117 15 113 35 17 51 115 105 55 87 103 79 93 37 99 49 63 75 53 39 121 45 11 59 31 
29: 52 28 34 48 116 106 8 112 10 96 78 76 110 70 98 14 40 36 90 100 12 32 20 120 4 6 2 18 64 54 88 60 66 16 122 108 104 84 68 22 26 102 24 86 46 124 82 30 42 62 92 114 38 44 56 72 74 94 50 80 118 58 
30: 13 7 19 15 53 107 95 103 75 65 81 119 5 31 43 45 69 101 25 59 85 37 83 99 29 113 17 27 33 97 93 79 89 67 63 35 1 39 49 73 3 121 55 71 41 111 57 61 91 21 11 115 105 23 47 123 9 87 117 109 51 77 
31: 46 58 92 94 26 24 40 20 60 4 16 56 18 34 74 106 48 78 120 54 122 80 62 72 98 36 116 86 12 52 8 50 66 76 70 44 82 104 2 102 114 110 38 68 28 42 64 100 32 96 22 124 118 90 112 84 30 88 14 6 10 108 
32: 77 3 21 63 103 91 13 73 89 55 25 35 123 109 117 71 65 27 87 43 51 93 111 17 101 105 41 79 7 85 5 67 57 33 121 49 119 9 75 29 99 107 37 69 53 81 113 97 39 115 31 23 83 15 95 19 61 1 11 47 45 59 
33: 96 102 26 36 10 12 86 22 48 108 50 70 58 44 116 54 30 124 34 112 68 62 92 8 90 64 88 38 14 4 40 72 24 118 2 114 56 98 66 74 104 80 82 76 100 42 78 32 94 52 16 106 110 60 6 120 122 84 46 28 20 18 
34: 5 119 97 109 121 27 67 85 89 61 37 7 111 93 23 115 1 29 51 65 95 123 31 17 41 19 71 91 63 105 55 81 43 25 3 13 101 57 21 69 53 107 35 39 83 11 15 117 77 45 59 87 113 33 73 47 75 99 79 9 49 103 
35: 112 42 8 100 102 18 54 110 14 30 56 94 98 64 114 76 10 118 28 116 78 38 92 96 122 48 120 50 34 4 82 36 44 70 62 6 26 84 68 58 74 2 60 16 80 12 86 66 124 52 90 20 108 24 32 104 106 88 40 46 72 22 
36: 123 29 85 49 75 111 43 17 31 97 93 63 71 105 67 115 95 57 73 117 81 109 101 45 19 3 35 5 1 77 113 59 53 21 25 87 9 27 103 91 107 79 65 69 83 23 89 41 121 47 55 15 33 37 39 61 13 11 119 51 7 99 
37: 102 84 88 96 26 8 68 124 78 86 94 110 56 72 50 36 14 112 4 82 76 18 34 28 90 32 54 122 12 2 42 114 62 118 52 58 6 20 38 106 116 46 92 70 120 74 60 44 40 48 24 10 16 80 100 22 104 64 108 98 30 66 
38: 59 103 65 85 25 105 11 19 53 57 111 47 95 93 39 123 1 43 117 67 109 63 97 3 7 29 41 119 31 107 71 13 49 45 113 101 15 33 77 75 21 73 37 83 35 69 81 27 79 55 115 91 9 23 99 87 89 5 17 51 121 61 
39: 122 58 108 88 12 26 56 114 10 14 30 8 50 38 82 4 62 48 90 92 74 102 94 42 124 66 46 116 104 44 86 118 110 96 78 28 34 18 40 106 68 20 36 2 60 64 6 54 80 76 112 24 84 72 120 22 98 52 100 32 70 16 
40: 57 101 47 33 27 55 65 115 63 23 103 109 59 37 9 3 41 1 79 19 81 71 45 93 77 121 17 7 15 43 61 85 97 73 123 29 67 13 75 117 49 39 21 31 107 87 119 111 11 83 89 95 113 91 69 5 51 105 35 99 53 25 
41: 96 84 88 62 76 28 64 16 108 4 100 74 18 56 48 92 116 68 112 6 34 2 94 8 78 80 60 70 24 104 42 50 82 32 90 58 44 20 72 22 86 52 38 124 40 66 12 36 98 118 106 10 122 102 30 110 26 54 114 120 14 46 
42: 35 43 33 59 97 15 39 51 101 29 45 109 93 119 79 63 123 11 69 95 23 21 55 105 19 107 41 13 7 121 85 91 89 99 73 115 3 65 49 37 61 17 53 1 81 111 67 9 83 117 77 27 103 71 75 87 47 113 25 5 57 31 
43: 116 102 74 44 120 68 32 34 30 48 106 84 24 6 18 16 94 36 72 118 20 2 10 66 40 14 76 92 78 114 54 112 4 98 62 12 42 88 8 104 46 52 56 38 64 100 90 86 110 82 80 96 58 108 26 60 70 122 50 124 28 22 
44: 47 95 105 3 37 11 77 67 93 57 43 15 113 55 51 19 87 83 29 79 63 31 65 91 13 61 81 53 111 75 33 1 35 119 39 5 121 17 69 23 73 21 25 103 89 27 41 115 109 99 7 117 9 101 49 107 123 45 85 59 97 71 
45: 88 96 102 84 18 72 104 54 110 48 106 36 2 120 24 46 44 86 124 68 6 114 52 28 38 50 16 22 108 56 42 60 12 40 10 122 98 62 92 90 82 8 20 14 76 78 32 30 94 26 4 80 74 70 118 116 112 66 34 100 64 58 
46: 59 33 121 119 79 19 71 107 69 7 83 21 5 73 65 35 117 41 45 109 105 9 53 113 85 55 115 31 27 63 99 75 13 95 1 103 39 77 43 25 67 123 57 37 111 47 11 61 81 93 97 15 29 3 87 17 51 91 23 49 101 89 
47: 88 104 24 96 44 6 2 118 8 12 54 30 72 10 18 80 120 34 66 94 60 112 90 92 78 20 110 124 38 116 68 86 114 42 4 108 58 76 106 64 98 14 50 22 102 52 46 74 84 100 28 16 40 70 82 56 122 32 36 26 48 62 
48: 51 5 1 39 9 69 109 71 57 45 79 75 103 101 59 11 23 53 89 25 35 115 121 93 7 77 29 49 15 119 33 117 87 3 61 19 85 41 67 63 113 47 91 27 83 81 105 31 97 13 37 55 73 17 43 65 111 107 21 123 99 95 
49: 88 110 68 96 118 58 100 78 74 46 114 70 86 64 116 90 72 60 10 62 76 4 32 8 34 16 112 42 44 26 56 124 48 122 38 106 104 92 50 80 36 84 24 54 28 22 66 30 94 20 82 102 2 98 52 108 40 14 18 12 6 120 
50: 63 101 71 85 3 117 111 113 7 11 93 45 1 49 21 69 119 89 107 75 99 47 97 5 73 15 121 13 43 123 91 103 87 61 17 27 79 65 109 19 55 105 81 67 77 35 51 23 29 83 39 41 95 59 25 115 57 37 53 9 31 33 
51: 112 48 22 74 30 104 116 6 92 118 102 46 114 90 34 98 72 12 76 28 14 56 44 84 66 110 96 82 32 60 38 80 24 124 100 40 94 20 106 64 70 10 36 58 86 122 8 108 54 50 2 88 68 42 52 4 26 78 16 120 18 62 
52: 3 13 9 7 95 89 29 79 25 73 63 107 97 119 53 93 61 83 37 99 71 117 77 23 81 31 105 85 39 33 15 59 11 1 121 27 115 17 67 109 19 101 57 45 111 113 103 69 35 21 87 91 51 41 75 5 43 65 123 49 47 55 
53: 44 88 48 40 14 50 26 122 118 78 32 34 64 28 46 66 68 52 116 72 114 110 120 58 4 36 16 84 30 74 2 6 104 102 70 56 18 92 82 124 38 22 60 112 86 80 20 98 106 10 94 12 24 90 100 8 42 54 76 108 96 62 
54: 35 45 113 81 123 49 5 99 71 37 87 39 7 73 105 67 29 83 85 95 51 47 57 25 121 59 77 65 101 107 19 13 61 97 23 111 117 103 75 41 33 89 43 119 11 79 15 31 17 63 9 53 3 93 55 69 115 109 91 27 1 21 
55: 120 14 96 74 100 106 90 92 6 50 12 60 76 114 112 104 10 72 116 98 102 8 118 38 30 78 52 64 40 2 84 20 56 68 94 70 24 18 4 48 88 80 122 86 54 16 108 42 34 26 22 66 58 32 36 82 124 62 44 28 46 110 
56: 37 47 93 19 105 63 113 1 31 75 89 5 61 67 55 71 123 7 21 25 73 69 53 85 99 35 13 115 65 111 91 45 95 109 43 39 11 57 49 3 77 107 121 9 17 81 15 79 103 51 83 101 29 23 41 117 33 59 97 27 87 119 
57: 104 40 16 4 106 46 92 48 18 34 122 120 52 66 110 56 24 42 112 30 60 62 86 116 28 26 58 82 12 2 108 100 114 6 78 68 84 76 90 124 22 20 98 96 88 44 10 70 50 118 80 102 14 64 38 74 32 72 94 54 8 36 
58: 5 77 117 89 23 121 107 21 37 119 41 29 69 109 83 57 95 59 81 79 85 35 75 67 71 25 1 51 97 9 91 7 19 53 33 103 45 99 123 39 73 31 13 65 105 17 113 49 55 87 3 115 15 47 27 93 63 61 11 101 111 43 
59: 76 38 8 46 96 88 112 100 12 102 4 118 62 36 94 14 78 114 98 104 60 122 108 18 58 28 42 116 6 92 52 48 64 90 82 54 40 66 20 26 106 2 16 44 34 80 110 72 86 30 120 84 68 50 74 56 10 124 70 32 22 24 
60: 5 35 107 51 69 13 83 41 15 117 37 3 7 73 95 101 119 105 45 121 99 11 93 39 25 81 1 65 91 71 19 123 77 47 53 43 67 85 111 103 109 61 21 23 33 87 113 17 49 97 79 27 29 63 89 9 57 75 31 59 115 55 
61: 24 114 36 124 26 16 4 86 116 90 72 76 44 118 52 74 20 102 84 110 96 104 88 38 42 98 80 120 64 34 68 12 54 50 82 108 30 10 92 94 56 18 48 40 106 46 2 122 78 60 14 70 28 66 22 6 100 112 58 62 32 8 
62: 15 5 121 23 119 41 75 79 19 43 83 69 53 61 1 85 95 55 65 73 59 3 109 49 31 99 117 123 27 93 105 101 87 33 97 39 25 37 13 17 51 45 77 9 107 103 113 7 11 115 91 111 89 29 67 71 81 47 21 35 57 63 
63: 50 72 78 80 16 48 2 8 24 34 104 100 4 46 90 76 66 98 94 102 10 52 26 124 18 112 6 122 120 58 82 62 60 22 28 64 114 42 106 110 20 74 84 86 12 54 108 92 36 32 70 118 14 116 56 30 96 38 68 40 44 88 
64: 105 41 109 27 55 95 13 121 119 51 49 11 35 25 81 21 33 107 37 77 117 59 3 113 5 87 79 85 97 29 93 103 15 7 65 71 115 61 67 75 69 53 39 17 111 83 63 99 9 57 31 45 43 89 23 19 123 1 91 47 101 73 
65: 90 122 116 120 4 118 72 58 2 112 42 48 10 40 94 64 62 80 114 28 100 24 16 52 22 30 106 76 12 60 96 88 26 84 92 56 18 68 110 50 44 46 108 6 54 38 20 8 124 34 74 70 82 14 98 32 104 66 102 86 36 78 
66: 15 87 79 97 81 33 75 51 13 17 21 3 99 85 71 77 91 45 35 107 93 109 61 53 39 7 69 29 25 43 49 11 103 9 101 115 59 123 19 37 27 95 113 67 105 5 31 55 119 47 89 83 111 1 65 57 23 63 73 41 117 121 
67: 96 84 46 82 22 32 86 122 8 16 70 6 102 20 34 2 68 30 18 52 72 42 54 112 60 80 50 104 64 100 26 92 4 88 12 66 94 74 58 90 56 24 120 14 48 40 62 106 78 36 114 124 118 10 44 76 108 98 116 38 28 110 
68: 49 97 95 113 59 17 55 39 51 107 27 53 25 33 109 47 103 3 41 45 81 119 57 121 75 35 99 65 117 21 69 19 29 43 61 67 85 91 15 31 79 83 5 37 101 77 7 63 1 13 87 9 89 71 23 123 93 105 11 115 111 73 
69: 58 78 16 72 68 70 22 112 56 12 28 4 30 124 26 64 60 100 52 104 48 32 18 20 82 106 88 118 50 14 10 38 110 66 94 90 80 6 114 86 40 98 116 108 34 122 36 96 102 24 8 74 76 84 120 62 46 2 92 44 42 54 
70: 15 105 37 81 1 111 95 71 25 65 35 53 119 49 57 123 83 121 5 117 67 9 99 41 55 97 21 29 103 51 45 39 77 91 33 63 31 69 79 43 47 101 7 27 113 3 93 87 107 109 59 89 19 17 75 85 61 73 11 13 115 23 
71: 112 100 8 122 38 16 14 98 96 80 104 124 44 78 56 66 32 10 62 36 58 92 6 50 76 84 24 94 4 118 106 120 22 26 108 20 18 86 30 102 72 60 54 90 48 52 116 70 34 114 2 74 88 64 28 46 12 110 42 68 82 40 
72: 27 45 99 63 5 41 79 93 9 61 103 89 105 3 101 25 69 109 119 65 83 37 91 49 31 107 95 67 17 113 111 73 21 57 59 85 81 1 71 55 47 75 43 97 7 121 19 13 51 39 77 53 11 115 29 123 33 35 117 15 23 87 
73: 52 74 78 12 106 120 110 28 44 8 84 10 114 50 102 42 80 108 76 58 2 70 54 90 38 4 30 34 18 16 46 86 72 48 20 112 22 82 66 24 14 56 92 40 96 6 64 88 32 94 62 118 104 68 100 98 124 116 60 36 122 26 
74: 13 3 79 1 9 19 93 105 85 63 5 33 69 101 43 109 103 73 77 117 123 107 61 57 35 49 89 95 39 23 121 97 67 113 71 91 31 21 65 29 15 47 17 55 7 83 51 111 37 41 87 53 27 119 11 75 25 59 45 99 81 115 
75: 88 76 62 84 24 46 120 18 98 22 2 60 64 72 124 14 116 50 102 28 38 106 90 54 114 26 74 70 48 6 8 34 44 52 112 66 58 96 32 56 40 82 108 10 80 92 12 30 78 104 122 86 118 94 110 100 36 42 16 68 4 20 
76: 59 15 41 23 75 5 9 99 95 27 77 65 115 119 73 111 109 101 17 113 69 97 49 7 117 83 71 37 93 43 105 29 53 61 39 13 3 67 121 91 21 55 31 19 11 35 85 103 89 81 45 63 123 47 57 33 79 107 87 25 1 51 
77: 32 98 28 42 72 70 84 24 16 92 44 82 26 6 58 46 54 60 118 108 90 116 12 104 50 8 34 52 22 102 74 114 100 120 30 36 124 106 4 40 56 20 76 2 112 10 94 38 110 122 62 14 66 96 48 78 80 18 68 88 86 64 
78: 63 11 117 3 99 37 121 39 45 47 55 79 31 113 103 85 33 89 19 81 59 87 65 43 23 109 123 5 95 9 67 107 35 1 93 73 21 71 49 29 77 15 105 41 119 75 51 17 115 69 13 101 83 111 7 61 57 97 27 53 25 91 
79: 52 74 44 104 90 108 34 98 26 64 46 114 50 96 86 88 66 62 102 20 92 16 42 24 18 14 80 120 2 94 32 12 4 36 60 10 100 68 70 56 124 118 6 76 84 110 30 106 72 58 122 28 54 48 40 8 116 112 22 78 38 82 
80: 99 41 113 21 27 71 93 49 111 47 9 7 17 97 23 121 89 29 19 79 39 67 31 81 5 95 83 33 105 123 101 25 15 115 73 65 77 69 51 13 119 85 43 87 109 91 61 11 37 57 117 45 59 75 3 35 53 103 107 55 1 63 
81: 66 112 16 36 88 78 122 116 124 74 6 10 62 30 2 68 54 108 84 114 64 90 18 22 76 50 100 92 56 26 118 104 80 4 98 42 40 12 20 86 106 94 46 110 120 72 58 96 44 34 48 8 32 14 24 28 38 82 52 102 70 60 
82: 115 21 11 69 19 35 25 37 15 109 111 63 89 41 81 113 103 101 87 65 27 49 67 79 97 39 57 85 61 43 117 5 1 121 47 17 29 51 83 31 59 107 91 123 105 13 93 71 3 53 95 119 7 55 33 77 9 45 75 73 23 99 
83: 62 74 60 24 30 2 38 58 104 52 50 124 16 66 102 96 70 94 108 116 122 82 56 54 42 48 106 114 10 34 20 90 118 72 26 36 18 92 32 86 6 68 14 98 84 64 44 100 28 80 120 46 4 8 110 112 78 22 12 40 76 88 
84: 41 15 37 1 23 109 45 5 75 67 7 17 19 53 117 97 87 73 107 59 83 3 55 105 51 35 119 89 115 91 43 39 11 57 79 95 13 111 21 77 25 101 69 65 9 63 123 113 93 47 71 27 85 121 49 31 99 81 29 61 103 33 
85: 104 18 102 106 38 6 98 94 114 20 72 64 78 48 70 62 124 112 88 12 76 36 68 54 84 10 28 4 30 110 34 86 8 14 122 96 74 2 108 100 22 56 44 90 16 46 52 120 24 26 58 42 50 32 92 80 40 116 60 82 118 66 
86: 5 123 111 21 25 31 11 119 9 87 55 61 51 33 19 69 3 97 107 75 39 65 59 79 89 43 99 91 27 95 83 73 77 35 53 41 121 115 45 117 23 15 67 103 47 101 105 71 17 13 1 29 7 85 81 109 49 63 113 37 57 93 
87: 120 78 14 80 12 62 112 32 56 30 16 48 58 6 94 28 122 54 118 20 90 88 44 24 116 22 34 104 46 26 72 74 96 18 100 114 106 86 64 42 60 10 66 84 52 50 2 110 98 4 70 92 68 108 82 36 76 124 102 38 40 8 
88: 5 47 45 27 49 15 7 3 99 41 13 17 37 59 75 61 65 57 71 119 115 67 43 95 53 1 33 39 25 23 113 105 11 79 69 21 31 109 87 101 73 77 123 19 9 55 85 97 103 29 51 63 35 93 117 81 111 91 89 107 83 121 
89: 52 86 8 124 96 120 76 110 30 64 26 98 10 6 70 118 40 32 60 58 88 4 74 108 66 44 94 72 84 20 22 92 34 62 46 14 106 100 104 102 78 112 54 114 24 12 2 18 122 42 90 68 50 116 80 36 82 16 48 56 28 38 
90: 65 45 1 61 33 11 25 51 47 101 53 31 109 97 27 93 3 105 69 107 7 71 77 111 85 121 117 75 9 57 5 13 37 41 95 83 49 17 91 123 23 19 79 29 81 115 59 73 89 15 63 103 99 43 113 39 21 87 35 119 67 55 
91: 96 22 20 18 90 12 54 110 98 104 108 86 70 122 72 100 88 46 64 32 26 6 2 118 62 30 82 60 28 120 102 4 58 66 38 24 94 42 52 56 80 34 84 92 76 48 10 112 116 16 74 44 106 68 50 78 40 14 114 124 8 36 
92: 71 83 99 97 85 25 45 65 79 87 37 31 121 59 43 7 27 39 33 89 81 109 29 35 49 5 17 115 117 69 73 63 1 57 77 61 93 53 123 75 119 113 13 9 95 47 111 103 67 11 21 107 101 105 51 3 19 91 55 23 41 15 
93: 96 118 62 36 82 14 86 12 92 84 90 68 72 116 20 78 114 32 70 22 4 18 2 44 42 120 60 26 40 6 124 102 24 122 50 54 10 16 64 28 30 56 48 110 8 58 38 100 46 74 98 34 112 66 106 80 104 108 88 94 76 52 
94: 63 105 69 99 73 95 1 21 13 67 65 59 97 7 3 37 61 49 83 5 121 57 19 15 119 45 25 123 23 87 111 91 85 107 113 17 81 115 11 89 43 55 39 75 29 47 77 93 71 27 31 51 117 9 53 101 33 41 35 103 79 109 
95: 52 96 88 46 48 100 6 82 72 84 114 40 10 66 56 22 50 54 102 28 8 98 16 44 122 36 2 70 80 112 94 124 108 104 120 30 110 64 86 68 34 74 76 62 58 18 12 14 42 92 118 26 116 60 4 90 38 20 106 78 32 24 
96: 3 5 17 41 13 27 115 19 1 15 67 21 7 45 47 33 59 91 9 11 49 101 123 121 37 81 75 53 39 43 65 23 25 51 119 29 55 93 31 103 63 89 107 113 95 77 87 61 71 83 73 111 79 109 85 57 69 117 105 97 99 35 
97: 4 96 104 72 94 82 122 118 22 86 12 112 24 98 120 114 108 40 30 38 44 54 70 16 58 2 80 116 64 48 10 74 102 32 56 46 124 84 76 6 20 8 60 110 50 18 34 78 36 88 62 14 68 100 26 106 66 92 52 28 90 42 
98: 25 87 39 99 49 75 11 115 113 81 85 77 1 9 65 21 63 53 89 105 83 91 93 15 69 33 123 71 57 19 35 41 109 107 121 17 95 67 31 37 7 51 73 45 13 101 79 55 119 61 43 103 59 23 5 117 97 29 3 27 47 111 
99: 88 114 72 80 8 40 66 100 104 32 52 24 92 36 122 108 68 58 116 112 98 48 76 120 26 54 22 90 42 2 46 20 74 60 96 12 82 78 44 4 102 56 6 62 70 50 16 30 18 64 94 110 118 38 124 34 106 14 10 84 28 86 
100: 1 35 71 59 9 91 53 99 87 95 75 123 21 93 117 47 103 3 7 45 11 77 17 65 85 61 113 43 33 111 109 13 121 101 15 81 115 119 31 55 37 69 51 89 5 41 107 25 97 49 63 57 79 27 105 73 83 29 23 39 67 19 
101: 96 62 34 36 28 44 58 52 30 120 8 104 38 90 50 42 18 14 22 86 122 124 20 74 76 98 116 100 16 48 84 2 46 10 32 106 54 118 78 4 40 26 80 112 92 6 64 88 12 72 70 24 60 114 68 82 108 110 102 66 94 56 
102: 37 1 35 45 33 19 67 53 75 99 85 31 79 107 109 65 3 119 29 61 41 51 101 21 105 55 23 27 77 13 113 9 47 103 5 95 7 123 83 39 59 63 25 73 17 97 11 87 81 57 115 117 69 111 49 121 15 43 93 91 71 89 
103: 16 116 70 100 74 102 114 68 94 88 86 50 56 64 44 66 12 2 8 92 20 42 118 26 24 62 112 38 28 10 6 120 46 90 54 124 104 72 60 22 96 58 4 18 36 34 122 76 40 14 80 108 48 52 32 106 84 98 110 30 82 78 
104: 3 5 47 9 57 45 27 121 71 59 85 73 55 115 109 53 123 7 33 95 63 103 75 107 19 113 69 79 23 37 39 65 25 51 15 81 111 83 13 35 21 67 99 89 49 29 41 31 91 11 43 1 77 93 117 119 87 97 105 61 101 17 
105: 64 34 14 124 106 92 102 90 36 30 22 78 42 68 12 46 2 8 4 104 38 100 70 80 40 110 96 74 16 20 88 32 62 24 82 72 122 112 18 84 114 108 76 120 116 26 58 86 118 98 44 56 66 48 10 50 60 6 54 94 28 52 
106: 21 57 31 19 13 49 47 119 75 117 113 35 105 69 11 25 55 73 27 9 23 45 15 61 97 63 99 79 59 53 93 17 29 81 41 65 95 109 37 7 43 83 103 91 39 67 5 107 111 85 89 87 115 33 1 77 121 123 3 101 51 71 
107: 28 108 12 98 82 38 64 4 2 18 26 16 100 72 20 32 118 88 122 90 102 24 104 30 14 84 80 36 8 54 120 56 114 124 46 22 78 10 6 66 96 76 112 34 74 68 42 94 58 92 60 50 106 70 62 110 48 40 116 52 44 86 
108: 85 77 45 109 93 23 57 55 53 37 39 11 33 83 69 101 13 27 17 111 25 95 5 113 67 79 117 61 47 119 87 7 1 9 35 103 51 71 63 123 21 81 43 49 105 97 99 41 65 89 91 15 3 19 121 107 31 59 75 115 73 29 
109: 84 26 102 74 114 80 78 2 88 10 24 46 16 124 110 12 52 8 82 64 56 122 116 100 6 68 20 118 30 44 50 76 28 34 48 104 90 60 4 106 42 86 94 58 36 98 112 40 18 38 72 54 66 70 22 120 14 92 62 32 96 108 
110: 49 121 91 9 69 107 1 15 27 77 117 53 59 37 79 93 17 43 111 7 123 3 115 19 83 57 29 89 23 35 109 39 113 103 73 95 47 119 41 97 71 65 87 61 67 31 51 63 81 33 101 99 85 13 45 5 75 21 11 25 55 105 
111: 38 114 82 18 32 34 50 108 42 88 22 70 94 74 78 28 124 8 36 56 84 110 48 4 60 12 120 26 86 44 66 58 96 24 68 20 116 72 122 16 112 52 40 104 14 98 90 76 106 54 62 92 46 100 64 6 118 30 102 2 10 80 
112: 1 35 71 51 59 5 53 31 95 79 17 21 7 123 117 121 65 111 91 39 33 45 49 69 107 115 37 119 47 3 109 61 103 57 63 75 23 101 85 27 25 93 13 11 113 67 81 97 9 83 77 55 29 105 73 99 19 89 41 43 87 15 
113: 112 4 10 86 108 2 72 88 98 12 14 30 26 38 74 66 94 54 120 32 22 62 46 84 8 114 20 122 56 16 100 52 104 64 44 92 28 102 80 48 78 110 60 58 68 36 116 70 118 76 6 82 90 96 50 18 124 24 34 40 106 42 
114: 99 109 91 101 7 17 93 111 63 49 79 55 117 13 37 53 87 71 45 61 1 43 97 31 35 119 77 41 67 73 33 105 57 25 75 69 121 39 15 9 81 107 19 47 95 29 11 89 103 83 123 21 65 113 27 59 115 5 85 51 23 3 
115: 96 82 40 56 14 70 10 62 12 64 72 50 20 4 58 88 116 100 68 6 26 94 16 78 22 98 74 44 106 110 46 32 42 118 112 38 2 76 24 28 34 18 124 48 104 114 84 108 66 90 86 92 80 52 60 36 120 30 102 54 122 8 
116: 65 5 43 71 29 91 85 95 13 47 119 107 99 41 23 3 101 73 109 19 97 111 117 83 15 77 35 27 79 9 31 123 59 1 105 93 37 11 63 57 89 21 75 51 25 49 45 61 17 87 81 103 55 115 67 39 69 113 121 7 53 33 
117: 50 44 94 74 4 38 80 100 2 18 122 56 88 114 102 26 70 84 90 112 54 30 32 104 16 48 96 82 68 28 22 40 42 34 86 76 62 46 124 110 36 106 14 10 24 64 98 116 58 108 20 60 8 52 78 6 118 12 92 120 72 66 
118: 7 3 13 49 5 27 123 111 33 79 53 11 83 95 73 45 25 77 9 103 115 47 105 89 63 93 101 55 39 119 35 41 97 17 31 85 65 37 59 121 87 117 51 21 81 57 23 43 99 67 71 91 15 113 61 19 109 69 107 29 1 75 
119: 62 16 98 82 100 30 14 90 124 94 102 88 34 96 22 24 92 46 2 54 84 58 70 20 80 8 108 12 18 106 48 78 114 66 74 118 64 116 86 4 72 10 56 6 38 40 104 68 122 42 120 110 36 50 112 28 32 52 60 76 26 44 
120: 47 19 77 103 49 31 95 9 1 123 63 121 61 55 97 37 3 43 53 17 69 81 27 45 21 93 119 105 91 11 89 111 29 67 75 83 99 25 23 73 65 57 51 33 85 15 5 87 117 7 115 113 41 59 101 39 13 35 109 79 71 107 
121: 62 96 20 28 110 102 98 14 74 86 54 104 32 66 4 82 16 118 52 60 38 106 56 124 78 80 6 8 88 50 10 112 48 90 22 12 34 94 40 92 100 44 58 42 72 2 64 18 108 36 68 122 120 76 116 26 114 84 30 46 24 70 
122: 65 119 85 113 91 121 123 57 33 15 103 75 59 77 41 23 61 9 5 63 21 73 101 3 45 107 79 105 37 117 17 71 43 19 31 51 109 1 49 81 35 89 27 25 11 99 93 39 111 47 87 95 115 7 13 97 69 67 53 55 83 29 
123: 96 36 8 48 58 74 98 108 124 106 32 114 120 44 72 122 100 40 104 68 42 118 76 66 62 38 4 50 88 94 112 86 30 20 16 54 2 52 60 110 116 56 102 80 78 12 26 46 82 22 14 28 24 70 84 92 18 64 90 34 6 10 
124: 5 91 107 73 13 23 63 59 89 69 95 77 109 33 117 29 87 103 49 115 15 45 105 17 101 81 65 41 119 113 39 97 79 19 71 67 25 111 123 85 11 1 93 47 121 61 83 55 27 51 35 53 7 31 9 37 21 3 99 57 75 43 
