0  -0.828125 5182.99995613
1  -0.1015625 674.999994278
2  -0.5625 3835.00045016
3  0.859375 -5214.99994087
4  0.8125 -5379.00043491
5  -0.125 1533.00389481
6  0.9609375 -5886.99994087
7  0.1953125 -1202.99998856
8  -0.40625 2691.00003433
9  -0.484375 2922.99996376
10  0.21875 -1162.99992752
11  0.0625 -759.000480682
12  0.7109375 -4342.99995613
13  0.046875 -178.999990463
14  0.1796875 -1106.99998856
15  0.75 -3073.96821532
16  -0.5 0.0
17  0.9921875 -6142.99993896
18  -0.3203125 1962.99998093
19  0.609375 -3670.99995613
20  0.46875 -2706.99991226
21  0.5390625 -3334.99996758
22  -0.4609375 2810.99997139
23  -0.34375 1922.99991989
24  -0.1953125 1202.99998856
25  0.625 -4609.0038643
26  0.8046875 -4942.99995041
27  -0.75 3073.96821532
28  0.375 -1536.99607467
29  0.5 -0.0
30  -0.46875 2706.99991226
31  0.2109375 -1266.99998665
32  0.7578125 -4622.99995422
33  -0.1328125 786.999992371
34  -0.765625 4766.99995995
35  -0.9140625 5662.99994469
36  0.203125 -1346.99999428
37  0.984375 -5998.99993324
38  0.2421875 -1522.99998474
39  -0.703125 4422.99996376
40  0.015625 -147.000005722
41  -0.390625 2474.99998283
42  0.5625 -3835.00045016
43  0.703125 -4422.99996376
44  0.390625 -2474.99998283
45  -0.625 4609.0038643
46  0.40625 -2691.00003433
47  -0.8984375 5470.99994469
48  0.484375 -2922.99996376
49  0.671875 -4038.99995232
50  -0.796875 4798.99994469
51  0.5078125 -3078.99996948
52  0.328125 -2106.99998665
53  -0.203125 1346.99999428
54  0.5859375 -3558.99996376
55  -0.015625 147.000005722
56  0.6796875 -4182.99995804
57  -0.2265625 1458.99998665
58  -0.984375 5998.99993324
59  0.7421875 -4598.99995422
60  -0.6015625 3750.99996376
61  0.078125 -563.000001907
62  0.765625 -4766.99995995
63  0.9140625 -5662.99994469
64  0.359375 -2138.99997139
65  -0.5703125 3494.99996567
66  -0.5546875 3398.99996567
67  0.265625 -1690.99999046
68  -0.671875 4038.99995232
69  -0.6796875 4182.99995804
70  -0.078125 563.000001907
71  -0.4375 2310.9994888
72  0.828125 -5182.99995613
73  -0.7578125 4622.99995422
74  -0.6484375 3926.99995995
75  -0.0390625 258.999998093
76  -0.53125 3439.0000267
77  0.453125 -2890.99997902
78  -0.734375 4454.9999485
79  -0.3046875 1866.99998093
80  -0.7265625 4534.99995613
81  -0.59375 3454.99990463
82  -0.453125 2890.99997902
83  -0.0234375 66.9999980927
84  -0.8125 5379.00043491
85  0.125 -1533.00389481
86  -0.9921875 6142.99993896
87  0.8515625 -5294.9999485
88  0.96875 -5782.99988174
89  0.234375 -1378.99997902
90  0.1015625 -674.999994278
91  -0.171875 962.999982834
92  -0.4921875 3066.99996948
93  0.953125 -5966.9999485
94  0.8671875 -5358.99994659
95  0.0234375 -66.9999980927
96  0.25 -3072.03172365
97  -0.8203125 5038.99995041
98  0.78125 -4983.00001144
99  0.2734375 -1610.99998283
100  0.921875 -5582.99993706
101  0.4921875 -3066.99996948
102  0.65625 -4223.00001907
103  -0.109375 594.999986649
104  0.6171875 -3814.99996185
105  0.4375 -2310.9994888
106  -0.9609375 5886.99994087
107  -0.0078125 3.0
108  -0.1875 766.99950406
109  0.2265625 -1458.99998665
110  -0.8046875 4942.99995041
111  0.6953125 -4278.99995804
112  -0.78125 4983.00001144
113  -0.21875 1162.99992752
114  0.8984375 -5470.99994469
115  -0.9765625 6078.99994087
116  -0.5390625 3334.99996758
117  0.3125 -2303.00046542
118  -0.6328125 3862.99996185
119  -0.375 1536.99607467
120  0.4296875 -2650.9999733
121  -0.25 3072.03172365
122  0.890625 -5550.99995232
123  0.9375 -5386.99945828
124  -0.1171875 738.999992371
125  0.2578125 -1546.99998474
126  -0.15625 1147.00004959
127  -0.5859375 3558.99996376
128  0.15625 -1147.00004959
129  -0.578125 3638.99997139
130  0.1640625 -1042.99999046
131  0.6015625 -3750.99996376
132  -0.046875 178.999990463
133  -0.90625 5767.00000381
134  0.296875 -1722.9999752
135  -0.234375 1378.99997902
136  -0.3359375 2026.99997902
137  -0.5234375 3142.99996758
138  0.3203125 -1962.99998093
139  -0.65625 4223.00001907
140  0.9765625 -6078.99994087
141  0.9453125 -5822.99994278
142  -0.6875 3842.99947354
143  -0.7421875 4598.99995422
144  -0.421875 2506.99996758
145  -0.2109375 1266.99998665
146  0.4140625 -2586.9999752
147  0.515625 -3222.9999752
148  0.8203125 -5038.99995041
149  0.5234375 -3142.99996758
150  0.3359375 -2026.99997902
151  -0.515625 3222.9999752
152  -0.8515625 5294.9999485
153  -0.0703125 418.999996185
154  -0.265625 1690.99999046
155  -0.1484375 850.999990463
156  0.28125 -1907.00004196
157  0.6328125 -3862.99996185
158  0.8359375 -5102.9999485
159  0.0703125 -418.999996185
160  0.4765625 -3002.99997139
161  0.7265625 -4534.99995613
162  0.6484375 -3926.99995995
163  0.3046875 -1866.99998093
164  0.546875 -3254.99995995
165  -0.5078125 3078.99996948
166  -0.3828125 2330.99997711
167  -0.8671875 5358.99994659
168  -0.953125 5966.9999485
169  0.5703125 -3494.99996567
170  0.84375 -4998.99988937
171  -0.875 4612.99604415
172  -0.96875 5782.99988174
173  -0.7109375 4342.99995613
174  -0.71875 4238.999897
175  0.140625 -930.999998093
176  -0.3671875 2282.99997711
177  0.1484375 -850.999990463
178  0.9296875 -5726.99994278
179  -0.7734375 4686.99995232
180  0.0546875 -322.999996185
181  -0.859375 5214.99994087
182  -0.640625 4006.99996758
183  -0.3515625 2218.99997902
184  -0.6953125 4278.99995804
185  0.109375 -594.999986649
186  -0.2890625 1802.99998283
187  -0.4765625 3002.99997139
188  0.6875 -3842.99947354
189  -0.2578125 1546.99998474
190  -0.921875 5582.99993706
191  -0.4296875 2650.9999733
192  -0.890625 5550.99995232
193  0.71875 -4238.999897
194  -0.2421875 1522.99998474
195  -0.4140625 2586.9999752
196  0.5546875 -3398.99996567
197  0.0859375 -482.999994278
198  -0.328125 2106.99998665
199  -0.359375 2138.99997139
200  -0.9453125 5822.99994278
201  -0.28125 1907.00004196
202  -0.1640625 1042.99999046
203  0.1171875 -738.999992371
204  0.1328125 -786.999992371
205  -0.8828125 5406.99994659
206  -0.6171875 3814.99996185
207  -0.0625 759.000480682
208  -0.4453125 2746.9999733
209  -0.84375 4998.99988937
210  -0.0859375 482.999994278
211  -0.09375 378.99993515
212  0.8828125 -5406.99994659
213  0.640625 -4006.99996758
214  -0.2734375 1610.99998283
215  0.09375 -378.99993515
216  -0.1796875 1106.99998856
217  -0.9375 5386.99945828
218  -0.9296875 5726.99994278
219  -0.609375 3670.99995613
220  0.1875 -766.99950406
221  0.90625 -5767.00000381
222  0.3984375 -2394.9999752
223  0.59375 -3454.99990463
224  0.4453125 -2746.9999733
225  0.4609375 -2810.99997139
226  0.03125 -363.000057221
227  -0.6640625 4118.99995995
228  0.734375 -4454.9999485
229  -0.0546875 322.999996185
230  -0.3984375 2394.9999752
231  0.2890625 -1802.99998283
232  0.3515625 -2218.99997902
233  0.421875 -2506.99996758
234  0.7734375 -4686.99995232
235  0.0078125 -3.0
236  -0.03125 363.000057221
237  0.0390625 -258.999998093
238  0.3671875 -2282.99997711
239  -0.296875 1722.9999752
240  -0.3125 2303.00046542
241  0.3828125 -2330.99997711
242  -0.546875 3254.99995995
243  -0.8359375 5102.9999485
244  0.578125 -3638.99997139
245  -0.140625 930.999998093
246  0.875 -4612.99604415
247  0.34375 -1922.99991989
248  0.796875 -4798.99994469
249  0.6640625 -4118.99995995
250  0.7890625 -4878.99995232
251  -0.7890625 4878.99995232
252  0.53125 -3439.0000267
253  0.171875 -962.999982834
