0  0.375 -384.996028893
1  -0.828125 1294.99980164
2  -0.484375 762.99987793
3  0.359375 -554.999908447
4  -0.9375 1354.99929807
5  0.046875 -34.9999847412
6  0.0625 -183.000457793
7  -0.6875 962.999359101
8  0.875 -1156.99590682
9  0.28125 -466.999984741
10  -0.984375 1534.99975586
11  -0.703125 1110.99983215
12  -0.375 384.996028893
13  0.09375 -90.9999237058
14  0.578125 -902.999862671
15  0.515625 -774.99987793
16  0.546875 -806.999862671
17  0.671875 -1014.99983215
18  -0.875 1156.99590682
19  0.3125 -575.000396758
20  -0.359375 554.999908447
21  0.59375 -862.999801635
22  0.296875 -426.999923706
23  -0.3125 575.000396758
24  -0.890625 1374.99978638
25  0.75 -769.968123766
26  0.484375 -762.99987793
27  0.78125 -1238.99986267
28  -0.796875 1198.99980164
29  -0.71875 1070.99977112
30  -0.421875 634.999893188
31  -0.453125 730.999893188
32  -0.34375 482.999862671
33  -0.25 768.031632093
34  -0.109375 162.999969482
35  0.84375 -1254.9997406
36  0.125 -381.003849037
37  0.34375 -482.999862671
38  -0.625 1153.00372697
39  0.265625 -394.999938965
40  -0.1875 190.999481171
41  0.984375 -1534.99975586
42  -0.84375 1254.9997406
43  -0.53125 846.999923706
44  0.65625 -1054.99989319
45  0.1875 -190.999481171
46  0.109375 -162.999969482
47  -0.65625 1054.99989319
48  0.765625 -1166.99981689
49  0.421875 -634.999893188
50  0.859375 -1326.99978638
51  0.6875 -962.999359101
52  0.015625 -3.0
53  -0.40625 674.999954224
54  0.53125 -846.999923706
55  -0.46875 690.999832153
56  0.703125 -1110.99983215
57  0.828125 -1294.99980164
58  -0.640625 982.999847412
59  -0.78125 1238.99986267
60  0.15625 -283.000015259
61  0.5625 -955.000335723
62  0.734375 -1142.99981689
63  0.921875 -1406.99977112
64  0.625 -1153.00372697
65  -0.671875 1014.99983215
66  -0.28125 466.999984741
67  0.71875 -1070.99977112
68  0.171875 -242.999954224
69  -0.328125 522.999923706
70  -0.578125 902.999862671
71  0.9375 -1354.99929807
72  -0.140625 210.999969482
73  0.96875 -1462.99971008
74  0.953125 -1502.99977112
75  -0.046875 34.9999847412
76  0.796875 -1198.99980164
77  -0.859375 1326.99978638
78  -0.5625 955.000335723
79  -0.90625 1446.99983215
80  -0.15625 283.000015259
81  -0.8125 1347.00027469
82  -0.75 769.968123766
83  -0.921875 1406.99977112
84  -0.765625 1166.99981689
85  -0.296875 426.999923706
86  -0.515625 774.99987793
87  0.203125 -338.999954224
88  -0.390625 602.999908447
89  0.140625 -210.999969482
90  -0.734375 1142.99981689
91  0.5 -0.0
92  0.328125 -522.999923706
93  -0.265625 394.999938965
94  0.234375 -370.999938965
95  -0.59375 862.999801635
96  -0.0625 183.000457793
97  -0.171875 242.999954224
98  0.453125 -730.999893188
99  0.078125 -130.999984741
100  -0.078125 130.999984741
101  -0.609375 934.999847412
102  -0.09375 90.9999237058
103  -0.4375 582.999420136
104  0.890625 -1374.99978638
105  0.21875 -298.999893188
106  0.390625 -602.999908447
107  -0.21875 298.999893188
108  -0.015625 3.0
109  0.40625 -674.999954224
110  -0.125 381.003849037
111  0.03125 -75.0000457766
112  0.640625 -982.999847412
113  -0.546875 806.999862671
114  0.8125 -1347.00027469
115  -0.953125 1502.99977112
116  0.25 -768.031632093
117  -0.234375 370.999938965
118  0.46875 -690.999832153
119  0.4375 -582.999420136
120  0.90625 -1446.99983215
121  -0.203125 338.999954224
122  -0.5 0.0
123  -0.96875 1462.99971008
124  0.609375 -934.999847412
125  -0.03125 75.0000457766
