0  0.96875 -382.999023434
1  -0.125 93.0036659306
2  0.875 -292.995357503
3  0.125 -93.0036659306
4  -0.84375 318.999145505
5  0.15625 -66.9998779292
6  -0.8125 338.999633816
7  -0.6875 242.998901335
8  0.28125 -106.999755858
9  -0.25 192.03126588
10  -0.15625 66.9998779292
11  0.5 -0.0
12  -0.34375 122.999633788
13  -0.21875 82.9997558584
14  -0.375 96.9958457863
15  -0.1875 46.9993896182
16  0.375 -96.9958457863
17  0.78125 -302.999267575
18  -0.625 289.003177647
19  -0.09375 18.9998779292
20  0.75 -193.967757553
21  0.1875 -46.9993896182
22  0.03125 -3.0
23  -0.5625 234.999877957
24  -0.5 0.0
25  -0.96875 382.999023434
26  0.5625 -234.999877957
27  -0.75 193.967757553
28  0.25 -192.03126588
29  -0.65625 262.999389646
30  0.625 -289.003177647
31  0.71875 -278.999267575
32  0.65625 -262.999389646
33  0.90625 -366.999145505
34  -0.53125 198.999511717
35  -0.875 292.995357503
36  0.8125 -338.999633816
37  -0.59375 214.999389646
38  0.53125 -198.999511717
39  -0.03125 3.0
40  -0.90625 366.999145505
41  -0.78125 302.999267575
42  0.09375 -18.9998779292
43  0.40625 -170.999633788
44  0.9375 -346.998657193
45  -0.9375 346.998657193
46  -0.4375 150.999145477
47  -0.71875 278.999267575
48  0.21875 -82.9997558584
49  -0.3125 143.000122099
50  -0.46875 186.999511717
51  -0.28125 106.999755858
52  0.84375 -318.999145505
53  0.46875 -186.999511717
54  -0.40625 170.999633788
55  0.3125 -143.000122099
56  0.4375 -150.999145477
57  0.34375 -122.999633788
58  0.6875 -242.998901335
59  0.59375 -214.999389646
60  0.0625 -39.0003662403
61  -0.0625 39.0003662403
