0  -0.90234375 88414.9999965
1  -0.2109375 19986.9999983
2  0.97265625 -95934.9999964
3  -0.61328125 60710.9999978
4  -0.009765625 1026.99999997
5  -0.974609375 95614.9999963
6  -0.490234375 48122.9999981
7  -0.228515625 22642.9999991
8  -0.986328125 97022.9999962
9  -0.4453125 44506.9999992
10  0.78515625 -77454.9999971
11  0.08203125 -8418.99999979
12  0.705078125 -69302.9999973
13  -0.998046875 98302.9999962
14  -0.15625 18427.0000603
15  -0.8671875 84558.9999958
16  -0.21484375 20850.9999991
17  -0.572265625 56358.9999978
18  0.697265625 -68662.9999973
19  -0.486328125 47866.9999982
20  0.162109375 -15698.9999994
21  0.6171875 -59974.9999967
22  0.521484375 -51078.999998
23  -0.69921875 68342.9999972
24  -0.53515625 52870.9999981
25  -0.669921875 65878.9999974
26  0.935546875 -92126.9999964
27  -0.14453125 14546.9999996
28  0.375 -24576.996089
29  0.318359375 -31018.9999988
30  -0.154296875 15250.9999994
31  -0.05078125 5378.99999991
32  -0.955078125 93886.9999964
33  -0.115234375 11234.9999996
34  -0.71484375 70006.9999972
35  0.029296875 -2946.99999988
36  -0.8984375 87550.9999956
37  0.078125 -9203.00000727
38  0.576171875 -56614.9999978
39  -0.671875 64518.9999899
40  -0.720703125 70774.9999973
41  0.951171875 -93502.9999964
42  0.70703125 -69878.9999974
43  -0.060546875 6082.99999976
44  -0.775390625 76430.999997
45  0.744140625 -73462.9999972
46  -0.67578125 66838.9999975
47  -0.837890625 82606.9999968
48  0.66015625 -65174.9999976
49  -0.4296875 41530.9999974
50  -0.3828125 38330.9999995
51  0.255859375 -24842.999999
52  0.26953125 -26826.9999991
53  0.6328125 -62902.9999985
54  0.693359375 -67894.9999973
55  0.728515625 -71798.9999972
56  -0.265625 27611.0000066
57  -0.330078125 32426.9999987
58  0.580078125 -56998.9999978
59  0.83203125 -82158.9999969
60  -0.85546875 83758.9999966
61  0.798828125 -78542.999997
62  -0.083984375 8098.99999967
63  -0.994140625 98046.9999962
64  -0.345703125 33898.9999987
65  0.3828125 -38330.9999995
66  -0.23046875 22322.999999
67  -0.333984375 32682.9999987
68  0.396484375 -38810.9999985
69  -0.015625 3027.00000751
70  -0.34765625 34474.9999988
71  -0.943359375 92478.9999964
72  -0.3515625 35338.9999996
73  0.150390625 -14994.9999994
74  -0.369140625 36586.9999986
75  -0.958984375 94142.9999963
76  0.865234375 -84974.9999967
77  -0.052734375 5058.99999979
78  -0.0078125 1443.00000089
79  0.685546875 -67542.9999974
80  0.845703125 -83054.9999968
81  0.462890625 -45754.9999982
82  -0.3984375 38394.9999976
83  0.71875 -67598.9999363
84  -0.978515625 96382.9999963
85  0.87109375 -85422.9999966
86  0.921875 -89102.9999889
87  0.603515625 -59494.9999977
88  0.365234375 -35818.9999986
89  -0.55859375 54662.9999978
90  0.720703125 -70774.9999973
91  0.18359375 -17810.9999992
92  0.314453125 -30762.9999988
93  -0.888671875 87326.9999966
94  -0.759765625 74766.9999971
95  0.650390625 -64150.9999975
96  0.955078125 -93886.9999964
97  0.677734375 -66518.9999974
98  0.91015625 -89758.9999966
99  -0.291015625 28746.9999989
100  0.36328125 -36138.9999987
101  0.037109375 -3394.99999985
102  -0.39453125 39130.9999986
103  -0.892578125 87710.9999966
104  0.384765625 -37914.9999985
105  0.767578125 -75406.9999971
106  -0.134765625 13330.9999995
107  0.140625 -15331.000007
108  -0.583984375 57254.9999978
109  0.216796875 -21426.9999992
110  0.595703125 -58470.9999977
111  0.234375 -21538.9999915
112  0.177734375 -17362.9999993
113  0.359375 -33818.9999911
114  -0.5546875 53798.999997
115  0.30859375 -30090.9999987
116  0.34765625 -34474.9999988
117  0.826171875 -81198.9999968
118  0.158203125 -15442.9999994
119  0.388671875 -38170.9999985
120  -0.37890625 37466.9999987
121  -0.19921875 19186.9999991
122  0.435546875 -42970.9999983
123  0.01953125 -2243.00000003
124  -0.736328125 72438.9999972
125  0.880859375 -86302.9999966
126  -0.375 24576.996089
127  -0.173828125 17106.9999993
128  -0.138671875 13586.9999995
129  -0.111328125 10978.9999996
130  -0.32421875 31466.9999987
131  -0.37109375 36266.9999985
132  -0.443359375 43322.9999983
133  0.201171875 -19762.9999992
134  0.75390625 -74318.9999972
135  0.62109375 -60838.9999975
136  -0.703125 70663.0000049
137  -0.6796875 66102.9999965
138  -0.71875 67598.9999363
139  0.2890625 -29162.9999998
140  0.017578125 -1666.99999994
141  0.517578125 -50822.999998
142  -0.896484375 87966.9999966
143  0.25390625 -25162.9999991
144  0.57421875 -56038.9999977
145  0.73046875 -71478.9999971
146  -0.01171875 706.999999851
147  0.466796875 -46010.9999982
148  0.974609375 -95614.9999963
149  -0.708984375 69558.9999973
150  -0.99609375 97726.9999961
151  -0.59375 55294.9999368
152  0.998046875 -98302.9999962
153  0.474609375 -46458.9999982
154  -0.33984375 33130.9999986
155  -0.513671875 50438.999998
156  0.61328125 -60710.9999978
157  0.75 -49153.9682439
158  -0.5703125 56774.9999987
159  -0.248046875 24562.999999
160  0.205078125 -20146.9999992
161  -0.474609375 46458.9999982
162  0.3203125 -32202.9999997
163  -0.91796875 89886.9999964
164  0.220703125 -21618.9999992
165  0.40234375 -39258.9999984
166  0.755859375 -73998.9999971
167  -0.267578125 26250.999999
168  0.236328125 -23282.9999991
169  0.076171875 -7458.9999997
170  0.283203125 -27722.9999989
171  -0.8046875 78382.999996
172  0.203125 -21507.0000068
173  0.765625 -76767.0000046
174  -0.796875 76798.9999894
175  0.400390625 -39578.9999985
176  -0.9765625 96798.9999972
177  -0.919921875 90462.9999965
178  -0.802734375 78798.9999969
179  -0.19140625 19058.9999994
180  -0.12109375 11682.9999994
181  -0.005859375 258.99999997
182  -0.5234375 50662.9999971
183  0.490234375 -48122.9999981
184  -0.666015625 65622.9999975
185  0.423828125 -41690.9999984
186  0.822265625 -80942.9999969
187  0.259765625 -25610.999999
188  -0.451171875 44346.9999983
189  0.625 -73729.0039072
190  -0.06640625 6754.99999985
191  0.92578125 -91422.9999966
192  -0.46484375 45434.9999981
193  0.689453125 -67638.9999974
194  -0.91015625 89758.9999966
195  0.26171875 -25290.9999989
196  -0.2890625 29162.9999998
197  -0.640625 64487.0000051
198  0.71484375 -70006.9999972
199  0.302734375 -29642.9999988
200  0.87890625 -86622.9999968
201  -0.421875 39946.9999908
202  -0.982421875 96638.9999962
203  -0.2265625 23059.0000001
204  -0.712890625 70326.9999973
205  -0.197265625 19506.9999993
206  -0.810546875 79822.9999969
207  -0.193359375 18738.9999993
208  0.232421875 -22898.9999991
209  -0.453125 46091.0000058
210  0.80859375 -79246.9999968
211  0.88671875 -86750.9999965
212  -0.251953125 24586.999999
213  0.93359375 -91550.9999963
214  0.814453125 -79918.9999969
215  -0.123046875 12258.9999995
216  -0.62890625 62038.9999977
217  -0.189453125 18482.9999993
218  0.638671875 -62742.9999976
219  -0.685546875 67542.9999974
220  0.1796875 -16946.9999984
221  -0.09765625 9890.99999973
222  -0.779296875 76686.999997
223  -0.767578125 75406.9999971
224  0.32421875 -31466.9999987
225  -0.408203125 40026.9999985
226  -0.501953125 49158.9999981
227  0.783203125 -76878.999997
228  -0.05859375 5506.99999967
229  -0.357421875 35178.9999986
230  -0.3203125 32202.9999997
231  -0.119140625 12002.9999996
232  0.58203125 -57574.9999979
233  0.376953125 -36890.9999986
234  -0.880859375 86302.9999966
235  -0.30078125 29962.999999
236  0.431640625 -42714.9999984
237  -0.546875 52214.9999903
238  -0.341796875 33706.9999987
239  0.892578125 -87710.9999966
240  -0.90625 92167.0000575
241  0.630859375 -61718.9999976
242  -0.056640625 5826.99999979
243  0.494140625 -48890.9999981
244  0.736328125 -72438.9999972
245  0.53515625 -52870.9999981
246  0.119140625 -12002.9999996
247  0.79296875 -77582.9999969
248  -0.412109375 40282.9999984
249  -0.423828125 41690.9999984
250  -0.482421875 47482.9999982
251  -0.96875 92182.9999354
252  0.373046875 -36842.9999986
253  -0.521484375 51078.999998
254  0.546875 -52214.9999903
255  0.2265625 -23059.0000001
256  -0.80078125 79118.999997
257  -0.87109375 85422.9999966
258  0.986328125 -97022.9999962
259  0.5234375 -50662.9999971
260  -0.953125 95247.0000039
261  -0.7578125 75182.999998
262  0.39453125 -39130.9999986
263  0.212890625 -21170.9999992
264  -0.1640625 16883.0000003
265  0.994140625 -98046.9999962
266  0.43359375 -42394.9999982
267  -0.7734375 75246.9999961
268  0.96875 -92182.9999354
269  -0.181640625 18130.9999993
270  -0.16015625 16018.9999995
271  0.390625 -39915.0000061
272  -0.048828125 4802.99999982
273  0.9921875 -96862.9999953
274  0.34375 -30722.9999378
275  0.671875 -64518.9999899
276  -0.26953125 26826.9999991
277  0.033203125 -3138.99999988
278  -0.517578125 50822.999998
279  0.619140625 -61158.9999976
280  -0.560546875 55238.9999979
281  0.447265625 -44090.9999983
282  -0.08203125 8418.99999979
283  0.54296875 -52998.9999978
284  0.51953125 -51398.9999981
285  -0.927734375 91102.9999965
286  0.111328125 -10978.9999996
287  -0.794921875 78158.999997
288  -0.40234375 39258.9999984
289  0.21484375 -20850.9999991
290  0.16796875 -16146.9999993
291  0.1015625 -10755.0000005
292  0.068359375 -6434.99999973
293  -0.5390625 53734.9999989
294  -0.0546875 4642.99999887
295  -0.55078125 54534.999998
296  0.640625 -64487.0000051
297  0.970703125 -95358.9999963
298  -0.17578125 17682.9999994
299  -0.93359375 91550.9999963
300  -0.4765625 47642.9999991
301  0.486328125 -47866.9999982
302  0.052734375 -5058.99999979
303  -0.8828125 87486.9999976
304  0.6796875 -66102.9999965
305  0.46484375 -45434.9999981
306  0.41015625 -40602.9999985
307  0.515625 -52183.0000056
308  0.06640625 -6754.99999985
309  -0.322265625 31786.9999988
310  -0.751953125 73742.9999971
311  0.712890625 -70326.9999973
312  -0.2734375 26090.999998
313  0.322265625 -31786.9999988
314  -0.84765625 83630.9999969
315  -0.7421875 72278.9999962
316  -0.94140625 92798.9999965
317  -0.18359375 17810.9999992
318  0.634765625 -62486.9999976
319  0.060546875 -6082.99999976
320  -0.97265625 95934.9999964
321  0.83984375 -82286.9999967
322  0.146484375 -14226.9999994
323  0.505859375 -49414.9999981
324  -0.865234375 84974.9999967
325  -0.021484375 1922.99999991
326  0.7890625 -78318.9999979
327  -0.392578125 38554.9999985
328  -0.732421875 72054.9999972
329  -0.900390625 88734.9999966
330  -0.744140625 73462.9999972
331  -0.76171875 74446.999997
332  0.19921875 -19186.9999991
333  0.8125 -86019.000485
334  0.134765625 -13330.9999995
335  -0.884765625 87070.9999966
336  0.56640625 -55910.9999979
337  0.5 -0.0
338  0.8671875 -84558.9999958
339  -0.619140625 61158.9999976
340  0.05859375 -5506.99999967
341  0.416015625 -41050.9999984
342  -0.51953125 51398.9999981
343  -0.587890625 58022.9999978
344  -0.076171875 7458.9999997
345  -0.310546875 30666.9999988
346  -0.283203125 27722.9999989
347  0.73828125 -73014.9999973
348  -0.23828125 23858.9999992
349  0.048828125 -4802.99999982
350  0.642578125 -63126.9999976
351  -0.103515625 10338.9999996
352  0.169921875 -16722.9999993
353  -0.478515625 47226.9999982
354  0.6484375 -62966.9999966
355  -0.6953125 69078.9999983
356  -0.94921875 92926.9999963
357  0.265625 -27611.0000066
358  -0.259765625 25610.999999
359  -0.36328125 36138.9999987
360  0.103515625 -10338.9999996
361  0.3046875 -29226.9999979
362  -0.27734375 26954.9999988
363  -0.1015625 10755.0000005
364  -0.625 73729.0039072
365  0.37890625 -37466.9999987
366  -0.4140625 41466.9999993
367  0.947265625 -93246.9999964
368  -0.935546875 92126.9999964
369  -0.748046875 73718.9999971
370  0.328125 -33787.0000063
371  0.263671875 -25866.999999
372  0.015625 -3027.00000751
373  -0.150390625 14994.9999994
374  -0.216796875 21426.9999992
375  -0.275390625 27274.999999
376  -0.232421875 22898.9999991
377  0.458984375 -44986.9999982
378  0.890625 -89071.0000042
379  -0.037109375 3394.99999985
380  0.005859375 -258.99999997
381  0.548828125 -53958.9999979
382  -0.400390625 39578.9999985
383  -0.48828125 48442.9999982
384  0.82421875 -80622.9999968
385  0.86328125 -85294.9999968
386  0.44140625 -43642.9999984
387  -0.578125 58359.0000054
388  -0.1875 12286.9995112
389  -0.6875 61442.9995093
390  0.916015625 -90206.9999965
391  0.271484375 -26506.999999
392  0.927734375 -91102.9999965
393  0.228515625 -22642.9999991
394  0.15625 -18427.0000603
395  -0.95703125 94462.9999965
396  -0.205078125 20146.9999992
397  0.6640625 -66038.9999984
398  -0.166015625 16466.9999994
399  0.095703125 -9314.99999964
400  0.806640625 -79566.9999969
401  0.37109375 -36266.9999985
402  -0.728515625 71798.9999972
403  -0.45703125 45306.9999984
404  0.958984375 -94142.9999963
405  -0.654296875 64406.9999975
406  0.875 -73732.9960871
407  0.869140625 -85742.9999967
408  0.939453125 -92222.9999964
409  0.8046875 -78382.999996
410  -0.966796875 95166.9999963
411  -0.77734375 76110.9999969
412  0.654296875 -64406.9999975
413  0.49609375 -48570.999998
414  0.171875 -15362.9999918
415  -0.3046875 29226.9999979
416  -0.498046875 49146.9999981
417  0.12890625 -12882.9999996
418  -0.1484375 13810.9999985
419  -0.939453125 92222.9999964
420  0.064453125 -6178.99999976
421  0.6875 -61442.9995093
422  0.21875 -18442.9999382
423  -0.580078125 56998.9999978
424  -0.388671875 38170.9999985
425  -0.681640625 67286.9999974
426  -0.591796875 58278.9999977
427  -0.28125 30707.0000598
428  -0.185546875 18386.9999993
429  -0.34375 30722.9999378
430  0.59765625 -59046.9999978
431  -0.646484375 63382.9999975
432  -0.41015625 40602.9999985
433  0.130859375 -12562.9999995
434  -0.89453125 88286.9999967
435  0.69921875 -68342.9999972
436  -0.462890625 45754.9999982
437  0.44921875 -43770.9999982
438  0.166015625 -16466.9999994
439  -0.849609375 83310.9999968
440  0.794921875 -78158.999997
441  0.08984375 -8546.99999955
442  0.615234375 -60390.9999976
443  -0.365234375 35818.9999986
444  -0.294921875 29002.9999989
445  -0.673828125 66262.9999974
446  0.544921875 -53574.9999979
447  -0.244140625 24306.9999991
448  -0.42578125 42266.9999985
449  -0.484375 46122.9999906
450  -0.833984375 81838.9999968
451  -0.75 49153.9682439
452  -0.326171875 32042.9999987
453  0.91796875 -89886.9999964
454  0.568359375 -55590.9999978
455  0.9609375 -93726.9999954
456  0.830078125 -81582.9999968
457  -0.662109375 64854.9999975
458  -0.49609375 48570.999998
459  -0.81640625 80494.999997
460  0.28125 -30707.0000598
461  0.09375 -6138.99993873
462  0.4609375 -44570.9999973
463  0.439453125 -43066.9999983
464  -0.068359375 6434.99999973
465  -0.87890625 86622.9999968
466  0.05078125 -5378.99999991
467  0.24609375 -23986.999999
468  -0.724609375 71030.9999972
469  0.564453125 -55334.9999979
470  -0.48046875 46906.9999981
471  -0.3359375 32266.9999978
472  0.533203125 -52294.999998
473  0.142578125 -13970.9999995
474  0.451171875 -44346.9999983
475  0.95703125 -94462.9999965
476  -0.5078125 50598.999999
477  -0.0703125 7619.00000066
478  -0.689453125 67638.9999974
479  0.408203125 -40026.9999985
480  -0.564453125 55334.9999979
481  0.931640625 -91870.9999965
482  0.15234375 -14674.9999993
483  -0.765625 76767.0000046
484  0.626953125 -61462.9999976
485  -0.1171875 10818.9999986
486  0.513671875 -50438.999998
487  0.89453125 -88286.9999967
488  -0.025390625 2690.99999991
489  -0.279296875 27530.9999989
490  0.01171875 -706.999999851
491  0.9765625 -96798.9999972
492  0.6953125 -69078.9999983
493  -0.7109375 69142.9999964
494  0.109375 -9234.99999201
495  -0.349609375 34154.9999987
496  0.453125 -46091.0000058
497  -0.66796875 65302.9999973
498  -0.396484375 38810.9999985
499  0.9296875 -90686.9999955
500  0.662109375 -64854.9999975
501  -0.869140625 85742.9999967
502  0.470703125 -46202.9999982
503  0.041015625 -4162.99999985
504  0.69140625 -68214.9999975
505  -0.51171875 49862.9999979
506  -0.01953125 2243.00000003
507  0.7734375 -75246.9999961
508  -0.078125 9203.00000727
509  -0.02734375 2370.99999979
510  -0.419921875 41306.9999984
511  0.962890625 -94910.9999963
512  -0.876953125 86046.9999967
513  -0.798828125 78542.999997
514  0.55078125 -54534.999998
515  -0.203125 21507.0000068
516  0.966796875 -95166.9999963
517  -0.0234375 1506.99999899
518  0.380859375 -37146.9999985
519  0.369140625 -36586.9999986
520  -0.033203125 3138.99999988
521  -0.62109375 60838.9999975
522  0.888671875 -87326.9999966
523  0.81640625 -80494.999997
524  -0.58984375 57702.9999976
525  -0.4375 36870.9995103
526  0.55859375 -54662.9999978
527  0.125 -24573.0039091
528  0.28515625 -28298.999999
529  0.818359375 -80174.9999969
530  0.587890625 -58022.9999978
531  0.046875 -3058.99999225
532  -0.951171875 93502.9999964
533  -0.68359375 66966.9999973
534  -0.947265625 93246.9999964
535  0.63671875 -62166.9999975
536  0.044921875 -4418.99999982
537  0.837890625 -82606.9999968
538  0.326171875 -32042.9999987
539  -0.904296875 88990.9999965
540  -0.830078125 81582.9999968
541  -0.0390625 4579.00000077
542  0.48046875 -46906.9999981
543  0.732421875 -72054.9999972
544  -0.98046875 96062.9999962
545  -0.08984375 8546.99999955
546  -0.3125 36863.0004869
547  -0.263671875 25866.999999
548  -0.0625 12279.0004878
549  -0.16796875 16146.9999993
550  -0.65234375 63830.9999974
551  0.583984375 -57254.9999978
552  -0.529296875 52102.999998
553  -0.208984375 20402.9999992
554  -0.76953125 75982.9999972
555  0.126953125 -12306.9999995
556  0.025390625 -2690.99999991
557  -0.79296875 77582.9999969
558  0.072265625 -7202.99999973
559  -0.236328125 23282.9999991
560  -0.677734375 66518.9999974
561  0.896484375 -87966.9999966
562  -0.82421875 80622.9999968
563  -0.64453125 63702.9999976
564  0.173828125 -17106.9999993
565  0.904296875 -88990.9999965
566  0.1875 -12286.9995112
567  -0.826171875 81198.9999968
568  -0.611328125 60134.9999977
569  0.279296875 -27530.9999989
570  -0.3671875 35402.9999977
571  0.4453125 -44506.9999992
572  -0.041015625 4162.99999985
573  0.9453125 -93662.9999973
574  0.94921875 -92926.9999963
575  0.646484375 -63382.9999975
576  -0.80859375 79246.9999968
577  0.353515625 -34922.9999987
578  -0.845703125 83054.9999968
579  0.759765625 -74766.9999971
580  -0.990234375 97278.9999962
581  0.185546875 -18386.9999993
582  0.7578125 -75182.999998
583  0.083984375 -8098.99999967
584  0.701171875 -68918.9999973
585  -0.806640625 79566.9999969
586  -0.86328125 85294.9999968
587  0.990234375 -97278.9999962
588  -0.623046875 61414.9999976
589  0.48828125 -48442.9999982
590  -0.1328125 13747.0000004
591  -0.70703125 69878.9999974
592  0.6015625 -59910.9999986
593  0.50390625 -49734.9999982
594  -0.533203125 52294.999998
595  0.4140625 -41466.9999993
596  0.421875 -39946.9999908
597  -0.6484375 62966.9999966
598  0.8203125 -81358.9999978
599  0.498046875 -49146.9999981
600  -0.60546875 59174.9999976
601  0.828125 -82943.0000044
602  0.80078125 -79118.999997
603  -0.56640625 55910.9999979
604  0.673828125 -66262.9999974
605  0.9140625 -90622.9999974
606  -0.63671875 62166.9999975
607  -0.6171875 59974.9999967
608  0.802734375 -78798.9999969
609  -0.40625 43011.0000594
610  0.666015625 -65622.9999975
611  0.208984375 -20402.9999992
612  0.658203125 -64598.9999975
613  -0.2421875 23122.9999982
614  0.84375 -79878.9999359
615  0.5390625 -53734.9999989
616  -0.83984375 82286.9999967
617  0.251953125 -24586.999999
618  0.748046875 -73718.9999971
619  -0.095703125 9314.99999964
620  -0.984375 95278.9999887
621  -0.98828125 97598.9999963
622  0.16015625 -16018.9999995
623  0.923828125 -90846.9999965
624  -0.080078125 7842.9999997
625  0.04296875 -3842.99999973
626  0.10546875 -10018.9999995
627  -0.556640625 54982.9999979
628  0.703125 -70663.0000049
629  0.275390625 -27274.999999
630  0.900390625 -88734.9999966
631  0.90234375 -88414.9999965
632  0.90625 -92167.0000575
633  -0.22265625 22194.9999993
634  -0.087890625 8866.99999967
635  -0.634765625 62486.9999976
636  0.306640625 -30410.9999988
637  -0.9921875 96862.9999953
638  -0.65625 67583.0000584
639  0.07421875 -6882.99999961
640  -0.35546875 34602.9999985
641  -0.220703125 21618.9999992
642  -0.140625 15331.000007
643  0.337890625 -33450.9999987
644  0.40625 -43011.0000594
645  -0.697265625 68662.9999973
646  -0.609375 58390.9999901
647  -0.912109375 89438.9999965
648  -0.47265625 46778.9999983
649  -0.201171875 19762.9999992
650  -0.4609375 44570.9999973
651  -0.7265625 72214.9999982
652  -0.7890625 78318.9999979
653  -0.9296875 90686.9999955
654  0.64453125 -63702.9999976
655  -0.9140625 90622.9999974
656  -0.962890625 94910.9999963
657  0.3515625 -35338.9999996
658  -0.693359375 67894.9999973
659  0.181640625 -18130.9999993
660  -0.1953125 19923.0000002
661  0.76171875 -74446.999997
662  0.556640625 -54982.9999979
663  -0.615234375 60390.9999976
664  0.46875 -43026.9999373
665  0.115234375 -11234.9999996
666  0.53125 -55279.0000589
667  -0.494140625 48890.9999981
668  0.77734375 -76110.9999969
669  0.58984375 -57702.9999976
670  0.0703125 -7619.00000066
671  -0.298828125 29386.9999989
672  0.72265625 -71350.9999973
673  0.98046875 -96062.9999962
674  0.984375 -95278.9999887
675  -0.88671875 86750.9999965
676  -0.791015625 77902.999997
677  -0.734375 70694.9999896
678  -0.109375 9234.99999201
679  -0.576171875 56614.9999978
680  -0.84375 79878.9999359
681  -0.921875 89102.9999889
682  -0.763671875 75022.9999971
683  -0.10546875 10018.9999995
684  -0.384765625 37914.9999985
685  -0.435546875 42970.9999983
686  -0.544921875 53574.9999979
687  -0.09375 6138.99993873
688  0.099609375 -9570.99999961
689  0.791015625 -77902.999997
690  -0.240234375 23538.9999991
691  0.8359375 -81422.9999959
692  0.0078125 -1443.00000089
693  0.1640625 -16883.0000003
694  0.0234375 -1506.99999899
695  -0.126953125 12306.9999995
696  0.13671875 -13010.9999994
697  0.123046875 -12258.9999995
698  -0.46875 43026.9999373
699  -0.8359375 81422.9999959
700  -0.642578125 63126.9999976
701  -0.57421875 56038.9999977
702  -0.5625 61435.0004859
703  0.99609375 -97726.9999961
704  -0.818359375 80174.9999969
705  0.427734375 -41946.9999984
706  -0.0859375 7682.99999875
707  -0.25390625 25162.9999991
708  -0.890625 89071.0000042
709  -0.509765625 50182.9999981
710  -0.923828125 90846.9999965
711  0.919921875 -90462.9999965
712  0.455078125 -44730.9999983
713  -0.525390625 51846.999998
714  0.484375 -46122.9999906
715  0.853515625 -84078.9999968
716  0.751953125 -73742.9999971
717  0.31640625 -31338.9999989
718  0.908203125 -89182.9999965
719  0.330078125 -32426.9999987
720  0.599609375 -58726.9999977
721  0.5703125 -56774.9999987
722  -0.306640625 30410.9999988
723  -0.2578125 26026.9999999
724  -0.142578125 13970.9999995
725  0.1484375 -13810.9999985
726  0.771484375 -75662.999997
727  0.0859375 -7682.99999875
728  0.11328125 -11554.9999997
729  0.3984375 -38394.9999976
730  0.03125 -6123.0000608
731  -0.064453125 6178.99999976
732  -0.31640625 31338.9999989
733  0.361328125 -35562.9999986
734  0.98828125 -97598.9999963
735  0.27734375 -26954.9999988
736  0.7265625 -72214.9999982
737  0.84765625 -83630.9999969
738  0.009765625 -1026.99999997
739  0.2109375 -19986.9999983
740  0.849609375 -83310.9999968
741  0.9375 -86026.9995084
742  -0.83203125 82158.9999969
743  0.333984375 -32682.9999987
744  -0.25 49152.0317523
745  -0.12890625 12882.9999996
746  0.52734375 -51526.9999979
747  -0.595703125 58470.9999977
748  -0.00390625 579.000000089
749  0.857421875 -84334.9999967
750  -0.44140625 43642.9999984
751  0.560546875 -55238.9999979
752  -0.9453125 93662.9999973
753  0.14453125 -14546.9999996
754  0.09765625 -9890.99999973
755  -0.328125 33787.0000063
756  -0.017578125 1666.99999994
757  0.341796875 -33706.9999987
758  -0.9609375 93726.9999954
759  -0.26171875 25290.9999989
760  0.138671875 -13586.9999995
761  -0.271484375 26506.999999
762  0.2421875 -23122.9999982
763  0.2578125 -26026.9999999
764  -0.107421875 10594.9999996
765  0.345703125 -33898.9999987
766  -0.548828125 53958.9999979
767  -0.78125 79863.0000579
768  0.796875 -76798.9999894
769  -0.224609375 21874.9999991
770  0.412109375 -40282.9999984
771  0.953125 -95247.0000039
772  -0.146484375 14226.9999994
773  -0.859375 82974.9999892
774  0.23828125 -23858.9999992
775  0.74609375 -73142.999997
776  -0.69140625 68214.9999975
777  -0.373046875 36842.9999986
778  -0.6328125 62902.9999985
779  0.33203125 -33002.9999988
780  0.8515625 -84494.9999977
781  0.244140625 -24306.9999991
782  0.03515625 -3714.99999997
783  -0.6015625 59910.9999986
784  -0.359375 33818.9999911
785  -0.07421875 6882.99999961
786  -0.20703125 20722.9999993
787  -0.873046875 85998.9999967
788  0.00390625 -579.000000089
789  -0.001953125 3.0
790  -0.73828125 73014.9999973
791  -0.52734375 51526.9999979
792  0.4765625 -47642.9999991
793  0.478515625 -47226.9999982
794  0.96484375 -94590.9999962
795  -0.607421875 59750.9999977
796  0.65234375 -63830.9999974
797  0.708984375 -69558.9999973
798  0.240234375 -23538.9999991
799  -0.658203125 64598.9999975
800  0.47265625 -46778.9999983
801  0.35546875 -34602.9999985
802  -0.783203125 76878.999997
803  -0.287109375 27978.9999989
804  -0.6640625 66038.9999984
805  0.537109375 -52550.9999979
806  0.529296875 -52102.999998
807  0.29296875 -28426.9999988
808  0.19140625 -19058.9999994
809  0.310546875 -30666.9999988
810  -0.13671875 13010.9999994
811  -0.50390625 49734.9999982
812  0.572265625 -56358.9999978
813  -0.353515625 34922.9999987
814  -0.537109375 52550.9999979
815  0.912109375 -89438.9999965
816  -0.380859375 37146.9999985
817  0.884765625 -87070.9999966
818  0.20703125 -20722.9999993
819  -0.234375 21538.9999915
820  -0.53125 55279.0000589
821  -0.044921875 4418.99999982
822  0.623046875 -61414.9999976
823  0.080078125 -7842.9999997
824  0.740234375 -72694.9999972
825  0.294921875 -29002.9999989
826  -0.296875 27642.9999913
827  -0.427734375 41946.9999984
828  -0.41796875 40730.9999983
829  -0.92578125 91422.9999966
830  0.392578125 -38554.9999985
831  -0.857421875 84334.9999967
832  0.943359375 -92478.9999964
833  0.7421875 -72278.9999962
834  0.734375 -70694.9999896
835  -0.099609375 9570.99999961
836  -0.376953125 36890.9999986
837  0.298828125 -29386.9999989
838  0.681640625 -67286.9999974
839  -0.72265625 71350.9999973
840  -0.75390625 74318.9999972
841  0.357421875 -35178.9999986
842  0.1953125 -19923.0000002
843  0.248046875 -24562.999999
844  0.30078125 -29962.999999
845  -0.302734375 29642.9999988
846  -0.169921875 16722.9999993
847  -0.212890625 21170.9999992
848  0.291015625 -28746.9999989
849  0.833984375 -81838.9999968
850  0.197265625 -19506.9999993
851  0.23046875 -22322.999999
852  0.3671875 -35402.9999977
853  0.859375 -82974.9999892
854  -0.626953125 61462.9999976
855  -0.515625 52183.0000056
856  0.087890625 -8866.99999967
857  -0.59765625 59046.9999978
858  -0.130859375 12562.9999995
859  0.12109375 -11682.9999994
860  0.611328125 -60134.9999977
861  -0.447265625 44090.9999983
862  -0.916015625 90206.9999965
863  -0.771484375 75662.999997
864  -0.158203125 15442.9999994
865  0.8984375 -87550.9999956
866  -0.630859375 61718.9999976
867  -0.970703125 95358.9999963
868  0.8828125 -87486.9999976
869  -0.841796875 82862.9999968
870  -0.162109375 15698.9999994
871  -0.861328125 84718.9999967
872  0.056640625 -5826.99999979
873  -0.091796875 9122.99999964
874  0.404296875 -39834.9999985
875  -0.29296875 28426.9999988
876  -0.701171875 68918.9999973
877  0.2734375 -26090.999998
878  -0.072265625 7202.99999973
879  -0.455078125 44730.9999983
880  -0.38671875 37594.9999984
881  -0.9375 86026.9995084
882  -0.013671875 1282.99999994
883  0.607421875 -59750.9999977
884  0.189453125 -18482.9999993
885  0.193359375 -18738.9999993
886  0.609375 -58390.9999901
887  0.787109375 -77134.999997
888  0.5078125 -50598.999999
889  0.669921875 -65878.9999974
890  0.59375 -55294.9999368
891  -0.4921875 47706.9999972
892  -0.74609375 73142.999997
893  -0.431640625 42714.9999984
894  -0.8203125 81358.9999978
895  -0.04296875 3842.99999973
896  -0.58203125 57574.9999979
897  0.42578125 -42266.9999985
898  -0.30859375 30090.9999987
899  0.22265625 -22194.9999993
900  0.17578125 -17682.9999994
901  0.541015625 -53318.9999979
902  -0.466796875 46010.9999982
903  -0.029296875 2946.99999988
904  0.091796875 -9122.99999964
905  0.775390625 -76430.999997
906  -0.43359375 42394.9999982
907  -0.44921875 43770.9999982
908  -0.599609375 58726.9999977
909  -0.787109375 77134.999997
910  0.861328125 -84718.9999967
911  -0.638671875 62742.9999976
912  0.25 -49152.0317523
913  0.5625 -61435.0004859
914  0.60546875 -59174.9999976
915  0.287109375 -27978.9999989
916  -0.822265625 80942.9999969
917  0.41796875 -40730.9999983
918  0.876953125 -86046.9999967
919  0.578125 -58359.0000054
920  0.0546875 -4642.99999887
921  0.873046875 -85998.9999967
922  -0.716796875 70582.9999973
923  0.154296875 -15250.9999994
924  -0.21875 18442.9999382
925  0.724609375 -71030.9999972
926  0.4296875 -41530.9999974
927  0.419921875 -41306.9999984
928  0.85546875 -83758.9999966
929  0.501953125 -49158.9999981
930  -0.255859375 24842.999999
931  0.33984375 -33130.9999986
932  0.841796875 -82862.9999968
933  -0.314453125 30762.9999988
934  0.525390625 -51846.999998
935  -0.603515625 59494.9999977
936  0.021484375 -1922.99999991
937  0.45703125 -45306.9999984
938  0.509765625 -50182.9999981
939  -0.8515625 84494.9999977
940  0.482421875 -47482.9999982
941  0.779296875 -76686.999997
942  -0.541015625 53318.9999979
943  -0.54296875 52998.9999978
944  0.978515625 -96382.9999963
945  -0.650390625 64150.9999975
946  -0.03125 6123.0000608
947  0.001953125 -3.0
948  0.1171875 -10818.9999986
949  -0.705078125 69302.9999973
950  -0.390625 39915.0000061
951  0.38671875 -37594.9999984
952  0.267578125 -26250.999999
953  -0.361328125 35562.9999986
954  -0.28515625 28298.999999
955  0.349609375 -34154.9999987
956  0.763671875 -75022.9999971
957  -0.875 73732.9960871
958  -0.03515625 3714.99999997
959  -0.439453125 43066.9999983
960  -0.15234375 14674.9999993
961  -0.755859375 73998.9999971
962  -0.416015625 41050.9999984
963  0.62890625 -62038.9999977
964  0.68359375 -66966.9999973
965  0.51171875 -49862.9999979
966  0.013671875 -1282.99999994
967  -0.908203125 89182.9999965
968  -0.24609375 23986.999999
969  -0.337890625 33450.9999987
970  -0.96484375 94590.9999962
971  0.0390625 -4579.00000077
972  -0.931640625 91870.9999965
973  -0.66015625 65174.9999976
974  -0.11328125 11554.9999997
975  0.107421875 -10594.9999996
976  -0.33203125 33002.9999988
977  -0.78515625 77454.9999971
978  0.94140625 -92798.9999965
979  0.5546875 -53798.999997
980  0.3125 -36863.0004869
981  -0.404296875 39834.9999985
982  -0.046875 3058.99999225
983  -0.8125 86019.000485
984  0.296875 -27642.9999913
985  0.224609375 -21874.9999991
986  -0.552734375 54214.9999979
987  -0.505859375 49414.9999981
988  0.02734375 -2370.99999979
989  -0.171875 15362.9999918
990  -0.828125 82943.0000044
991  0.7109375 -69142.9999964
992  0.65625 -67583.0000584
993  0.552734375 -54214.9999979
994  0.443359375 -43322.9999983
995  0.4921875 -47706.9999972
996  0.67578125 -66838.9999975
997  0.5859375 -56838.9999968
998  -0.177734375 17362.9999993
999  0.0625 -12279.0004878
1000  0.591796875 -58278.9999977
1001  -0.458984375 44986.9999982
1002  -0.318359375 31018.9999988
1003  -0.1796875 16946.9999984
1004  0.982421875 -96638.9999962
1005  -0.5 0.0
1006  0.3359375 -32266.9999978
1007  0.78125 -79863.0000579
1008  0.810546875 -79822.9999969
1009  -0.125 24573.0039091
1010  0.716796875 -70582.9999973
1011  -0.740234375 72694.9999972
1012  0.4375 -36870.9995103
1013  -0.73046875 71478.9999971
1014  -0.470703125 46202.9999982
1015  -0.853515625 84078.9999968
1016  -0.5859375 56838.9999968
1017  -0.568359375 55590.9999978
1018  0.66796875 -65302.9999973
1019  0.76953125 -75982.9999972
1020  -0.814453125 79918.9999969
1021  0.1328125 -13747.0000004
